0	2	0	6.93281e-310	0
0.0872388	1.9981	0	6.93281e-310	0
0.174311	1.99239	0	6.93281e-310	0
0.261052	1.98289	0	6.93281e-310	0
0.347296	1.96962	0	6.93281e-310	0
0.432879	1.95259	0	6.93281e-310	0
0.517638	1.93185	0	6.93281e-310	0
0.601412	1.90743	0	6.93281e-310	0
0.68404	1.87939	0	6.93281e-310	0
0.765367	1.84776	0	6.93281e-310	0
0.845237	1.81262	0	6.93281e-310	0
0.923497	1.77402	0	6.93281e-310	0
1	1.73205	0	6.93281e-310	0
1.0746	1.68678	0	6.93281e-310	0
1.14715	1.6383	0	6.93281e-310	0
1.21752	1.58671	0	6.93281e-310	0
1.28558	1.53209	0	6.93281e-310	0
1.35118	1.47455	0	6.93281e-310	0
1.41421	1.41421	0	6.93281e-310	0
1.47455	1.35118	0	6.93281e-310	0
1.53209	1.28558	0	6.93281e-310	0
1.58671	1.21752	0	6.93281e-310	0
1.6383	1.14715	0	6.93281e-310	0
1.68678	1.0746	0	6.93281e-310	0
1.73205	1	0	6.93281e-310	0
1.77402	0.923497	0	6.93281e-310	0
1.81262	0.845237	0	6.93281e-310	0
1.84776	0.765367	0	6.93281e-310	0
1.87939	0.68404	0	6.93281e-310	0
1.90743	0.601412	0	6.93281e-310	0
1.93185	0.517638	0	6.93281e-310	0
1.95259	0.432879	0	6.93281e-310	0
1.96962	0.347296	0	6.93281e-310	0
1.98289	0.261052	0	6.93281e-310	0
1.99239	0.174311	0	6.93281e-310	0
1.9981	0.0872388	0	6.93281e-310	0
2	1.22465e-16	0	6.93281e-310	0

0	2.19278	0	6.93281e-310	0
0.0956479	2.1907	0	6.93281e-310	0
0.191114	2.18444	0	6.93281e-310	0
0.286216	2.17402	0	6.93281e-310	0
0.380773	2.15947	0	6.93281e-310	0
0.474605	2.14081	0	6.93281e-310	0
0.567534	2.11807	0	6.93281e-310	0
0.659383	2.09129	0	6.93281e-310	0
0.749976	2.06054	0	6.93281e-310	0
0.839142	2.02587	0	6.93281e-310	0
0.92671	1.98734	0	6.93281e-310	0
1.01251	1.94502	0	6.93281e-310	0
1.09639	1.89901	0	6.93281e-310	0
1.17818	1.84937	0	6.93281e-310	0
1.25773	1.79622	0	6.93281e-310	0
1.33488	1.73965	0	6.93281e-310	0
1.40949	1.67977	0	6.93281e-310	0
1.48142	1.61669	0	6.93281e-310	0
1.55053	1.55053	0	6.93281e-310	0
1.61669	1.48142	0	6.93281e-310	0
1.67977	1.40949	0	6.93281e-310	0
1.73965	1.33488	0	6.93281e-310	0
1.79622	1.25773	0	6.93281e-310	0
1.84937	1.17818	0	6.93281e-310	0
1.89901	1.09639	0	6.93281e-310	0
1.94502	1.01251	0	6.93281e-310	0
1.98734	0.92671	0	6.93281e-310	0
2.02587	0.839142	0	6.93281e-310	0
2.06054	0.749976	0	6.93281e-310	0
2.09129	0.659383	0	6.93281e-310	0
2.11807	0.567534	0	6.93281e-310	0
2.14081	0.474605	0	6.93281e-310	0
2.15947	0.380773	0	6.93281e-310	0
2.17402	0.286216	0	6.93281e-310	0
2.18444	0.191114	0	6.93281e-310	0
2.1907	0.0956479	0	6.93281e-310	0
2.19278	1.34269e-16	0	6.93281e-310	0

0	2.40415	0	6.93281e-310	0
0.104867	2.40186	0	6.93281e-310	0
0.209535	2.395	0	6.93281e-310	0
0.313804	2.38358	0	6.93281e-310	0
0.417476	2.36762	0	6.93281e-310	0
0.520353	2.34716	0	6.93281e-310	0
0.622239	2.32223	0	6.93281e-310	0
0.722941	2.29288	0	6.93281e-310	0
0.822267	2.25916	0	6.93281e-310	0
0.920028	2.22114	0	6.93281e-310	0
1.01604	2.1789	0	6.93281e-310	0
1.11011	2.13251	0	6.93281e-310	0
1.20207	2.08205	0	6.93281e-310	0
1.29175	2.02764	0	6.93281e-310	0
1.37896	1.96936	0	6.93281e-310	0
1.46355	1.90734	0	6.93281e-310	0
1.54536	1.84168	0	6.93281e-310	0
1.62422	1.77252	0	6.93281e-310	0
1.69999	1.69999	0	6.93281e-310	0
1.77252	1.62422	0	6.93281e-310	0
1.84168	1.54536	0	6.93281e-310	0
1.90734	1.46355	0	6.93281e-310	0
1.96936	1.37896	0	6.93281e-310	0
2.02764	1.29175	0	6.93281e-310	0
2.08205	1.20207	0	6.93281e-310	0
2.13251	1.11011	0	6.93281e-310	0
2.1789	1.01604	0	6.93281e-310	0
2.22114	0.920028	0	6.93281e-310	0
2.25916	0.822267	0	6.93281e-310	0
2.29288	0.722941	0	6.93281e-310	0
2.32223	0.622239	0	6.93281e-310	0
2.34716	0.520353	0	6.93281e-310	0
2.36762	0.417476	0	6.93281e-310	0
2.38358	0.313804	0	6.93281e-310	0
2.395	0.209535	0	6.93281e-310	0
2.40186	0.104867	0	6.93281e-310	0
2.40415	1.47212e-16	0	6.93281e-310	0

0	2.63589	0	6.93281e-310	0
0.114976	2.63338	0	6.93281e-310	0
0.229733	2.62586	0	6.93281e-310	0
0.344052	2.61334	0	6.93281e-310	0
0.457717	2.59584	0	6.93281e-310	0
0.570511	2.57341	0	6.93281e-310	0
0.682218	2.54607	0	6.93281e-310	0
0.792627	2.51389	0	6.93281e-310	0
0.901527	2.47692	0	6.93281e-310	0
1.00871	2.43524	0	6.93281e-310	0
1.11397	2.38893	0	6.93281e-310	0
1.21712	2.33806	0	6.93281e-310	0
1.31794	2.28275	0	6.93281e-310	0
1.41626	2.22309	0	6.93281e-310	0
1.51188	2.15919	0	6.93281e-310	0
1.60463	2.09119	0	6.93281e-310	0
1.69432	2.01921	0	6.93281e-310	0
1.78078	1.94338	0	6.93281e-310	0
1.86385	1.86385	0	6.93281e-310	0
1.94338	1.78078	0	6.93281e-310	0
2.01921	1.69432	0	6.93281e-310	0
2.09119	1.60463	0	6.93281e-310	0
2.15919	1.51188	0	6.93281e-310	0
2.22309	1.41626	0	6.93281e-310	0
2.28275	1.31794	0	6.93281e-310	0
2.33806	1.21712	0	6.93281e-310	0
2.38893	1.11397	0	6.93281e-310	0
2.43524	1.00871	0	6.93281e-310	0
2.47692	0.901527	0	6.93281e-310	0
2.51389	0.792627	0	6.93281e-310	0
2.54607	0.682218	0	6.93281e-310	0
2.57341	0.570511	0	6.93281e-310	0
2.59584	0.457717	0	6.93281e-310	0
2.61334	0.344052	0	6.93281e-310	0
2.62586	0.229733	0	6.93281e-310	0
2.63338	0.114976	0	6.93281e-310	0
2.63589	1.61402e-16	0	6.93281e-310	0

0	2.88997	0	6.93281e-310	0
0.126059	2.88721	0	6.93281e-310	0
0.251877	2.87897	0	6.93281e-310	0
0.377216	2.86524	0	6.93281e-310	0
0.501837	2.84606	0	6.93281e-310	0
0.625503	2.82146	0	6.93281e-310	0
0.747978	2.79149	0	6.93281e-310	0
0.869029	2.75621	0	6.93281e-310	0
0.988426	2.71568	0	6.93281e-310	0
1.10594	2.66998	0	6.93281e-310	0
1.22135	2.6192	0	6.93281e-310	0
1.33444	2.56343	0	6.93281e-310	0
1.44498	2.50278	0	6.93281e-310	0
1.55278	2.43737	0	6.93281e-310	0
1.65762	2.36732	0	6.93281e-310	0
1.7593	2.29276	0	6.93281e-310	0
1.85763	2.21384	0	6.93281e-310	0
1.95243	2.13071	0	6.93281e-310	0
2.04351	2.04351	0	6.93281e-310	0
2.13071	1.95243	0	6.93281e-310	0
2.21384	1.85763	0	6.93281e-310	0
2.29276	1.7593	0	6.93281e-310	0
2.36732	1.65762	0	6.93281e-310	0
2.43737	1.55278	0	6.93281e-310	0
2.50278	1.44498	0	6.93281e-310	0
2.56343	1.33444	0	6.93281e-310	0
2.6192	1.22135	0	6.93281e-310	0
2.66998	1.10594	0	6.93281e-310	0
2.71568	0.988426	0	6.93281e-310	0
2.75621	0.869029	0	6.93281e-310	0
2.79149	0.747978	0	6.93281e-310	0
2.82146	0.625503	0	6.93281e-310	0
2.84606	0.501837	0	6.93281e-310	0
2.86524	0.377216	0	6.93281e-310	0
2.87897	0.251877	0	6.93281e-310	0
2.88721	0.126059	0	6.93281e-310	0
2.88997	1.76959e-16	0	6.93281e-310	0

0	3.16853	0	6.93281e-310	0
0.138209	3.16552	0	6.93281e-310	0
0.276156	3.15648	0	6.93281e-310	0
0.413577	3.14143	0	6.93281e-310	0
0.55021	3.1204	0	6.93281e-310	0
0.685796	3.09343	0	6.93281e-310	0
0.820077	3.06057	0	6.93281e-310	0
0.952796	3.02188	0	6.93281e-310	0
1.0837	2.97745	0	6.93281e-310	0
1.21255	2.92734	0	6.93281e-310	0
1.33908	2.87167	0	6.93281e-310	0
1.46307	2.81052	0	6.93281e-310	0
1.58427	2.74403	0	6.93281e-310	0
1.70245	2.67231	0	6.93281e-310	0
1.8174	2.59551	0	6.93281e-310	0
1.92888	2.51377	0	6.93281e-310	0
2.03669	2.42724	0	6.93281e-310	0
2.14063	2.33609	0	6.93281e-310	0
2.24049	2.24049	0	6.93281e-310	0
2.33609	2.14063	0	6.93281e-310	0
2.42724	2.03669	0	6.93281e-310	0
2.51377	1.92888	0	6.93281e-310	0
2.59551	1.8174	0	6.93281e-310	0
2.67231	1.70245	0	6.93281e-310	0
2.74403	1.58427	0	6.93281e-310	0
2.81052	1.46307	0	6.93281e-310	0
2.87167	1.33908	0	6.93281e-310	0
2.92734	1.21255	0	6.93281e-310	0
2.97745	1.0837	0	6.93281e-310	0
3.02188	0.952796	0	6.93281e-310	0
3.06057	0.820077	0	6.93281e-310	0
3.09343	0.685796	0	6.93281e-310	0
3.1204	0.55021	0	6.93281e-310	0
3.14143	0.413577	0	6.93281e-310	0
3.15648	0.276156	0	6.93281e-310	0
3.16552	0.138209	0	6.93281e-310	0
3.16853	1.94017e-16	0	6.93281e-310	0

0	3.47395	0	6.93281e-310	0
0.151532	3.47065	0	6.93281e-310	0
0.302775	3.46073	0	6.93281e-310	0
0.453442	3.44423	0	6.93281e-310	0
0.603246	3.42118	0	6.93281e-310	0
0.751901	3.39161	0	6.93281e-310	0
0.899125	3.35558	0	6.93281e-310	0
1.04464	3.31317	0	6.93281e-310	0
1.18816	3.26445	0	6.93281e-310	0
1.32942	3.20951	0	6.93281e-310	0
1.46816	3.14847	0	6.93281e-310	0
1.60409	3.08143	0	6.93281e-310	0
1.73698	3.00853	0	6.93281e-310	0
1.86655	2.9299	0	6.93281e-310	0
1.99258	2.8457	0	6.93281e-310	0
2.11481	2.75607	0	6.93281e-310	0
2.23301	2.6612	0	6.93281e-310	0
2.34697	2.56127	0	6.93281e-310	0
2.45646	2.45646	0	6.93281e-310	0
2.56127	2.34697	0	6.93281e-310	0
2.6612	2.23301	0	6.93281e-310	0
2.75607	2.11481	0	6.93281e-310	0
2.8457	1.99258	0	6.93281e-310	0
2.9299	1.86655	0	6.93281e-310	0
3.00853	1.73698	0	6.93281e-310	0
3.08143	1.60409	0	6.93281e-310	0
3.14847	1.46816	0	6.93281e-310	0
3.20951	1.32942	0	6.93281e-310	0
3.26445	1.18816	0	6.93281e-310	0
3.31317	1.04464	0	6.93281e-310	0
3.35558	0.899125	0	6.93281e-310	0
3.39161	0.751901	0	6.93281e-310	0
3.42118	0.603246	0	6.93281e-310	0
3.44423	0.453442	0	6.93281e-310	0
3.46073	0.302775	0	6.93281e-310	0
3.47065	0.151532	0	6.93281e-310	0
3.47395	2.12718e-16	0	6.93281e-310	0

0	3.80881	0	6.93281e-310	0
0.166138	3.80519	0	6.93281e-310	0
0.33196	3.79432	0	6.93281e-310	0
0.49715	3.77623	0	6.93281e-310	0
0.661393	3.75095	0	6.93281e-310	0
0.824378	3.71853	0	6.93281e-310	0
0.985793	3.67903	0	6.93281e-310	0
1.14533	3.63253	0	6.93281e-310	0
1.30269	3.57911	0	6.93281e-310	0
1.45757	3.51888	0	6.93281e-310	0
1.60967	3.45196	0	6.93281e-310	0
1.75871	3.37846	0	6.93281e-310	0
1.90441	3.29853	0	6.93281e-310	0
2.04647	3.21232	0	6.93281e-310	0
2.18465	3.12	0	6.93281e-310	0
2.31866	3.02173	0	6.93281e-310	0
2.44826	2.91772	0	6.93281e-310	0
2.5732	2.80815	0	6.93281e-310	0
2.69324	2.69324	0	6.93281e-310	0
2.80815	2.5732	0	6.93281e-310	0
2.91772	2.44826	0	6.93281e-310	0
3.02173	2.31866	0	6.93281e-310	0
3.12	2.18465	0	6.93281e-310	0
3.21232	2.04647	0	6.93281e-310	0
3.29853	1.90441	0	6.93281e-310	0
3.37846	1.75871	0	6.93281e-310	0
3.45196	1.60967	0	6.93281e-310	0
3.51888	1.45757	0	6.93281e-310	0
3.57911	1.30269	0	6.93281e-310	0
3.63253	1.14533	0	6.93281e-310	0
3.67903	0.985793	0	6.93281e-310	0
3.71853	0.824378	0	6.93281e-310	0
3.75095	0.661393	0	6.93281e-310	0
3.77623	0.49715	0	6.93281e-310	0
3.79432	0.33196	0	6.93281e-310	0
3.80519	0.166138	0	6.93281e-310	0
3.80881	2.33223e-16	0	6.93281e-310	0

0	4.17595	0	6.93281e-310	0
0.182152	4.17198	0	6.93281e-310	0
0.363958	4.16006	0	6.93281e-310	0
0.545071	4.14022	0	6.93281e-310	0
0.725146	4.11251	0	6.93281e-310	0
0.903841	4.07696	0	6.93281e-310	0
1.08082	4.03366	0	6.93281e-310	0
1.25573	3.98267	0	6.93281e-310	0
1.42826	3.92411	0	6.93281e-310	0
1.59807	3.85808	0	6.93281e-310	0
1.76483	3.7847	0	6.93281e-310	0
1.92824	3.70411	0	6.93281e-310	0
2.08798	3.61648	0	6.93281e-310	0
2.24374	3.52196	0	6.93281e-310	0
2.39523	3.42074	0	6.93281e-310	0
2.54216	3.313	0	6.93281e-310	0
2.68425	3.19896	0	6.93281e-310	0
2.82123	3.07883	0	6.93281e-310	0
2.95284	2.95284	0	6.93281e-310	0
3.07883	2.82123	0	6.93281e-310	0
3.19896	2.68425	0	6.93281e-310	0
3.313	2.54216	0	6.93281e-310	0
3.42074	2.39523	0	6.93281e-310	0
3.52196	2.24374	0	6.93281e-310	0
3.61648	2.08798	0	6.93281e-310	0
3.70411	1.92824	0	6.93281e-310	0
3.7847	1.76483	0	6.93281e-310	0
3.85808	1.59807	0	6.93281e-310	0
3.92411	1.42826	0	6.93281e-310	0
3.98267	1.25573	0	6.93281e-310	0
4.03366	1.08082	0	6.93281e-310	0
4.07696	0.903841	0	6.93281e-310	0
4.11251	0.725146	0	6.93281e-310	0
4.14022	0.545071	0	6.93281e-310	0
4.16006	0.363958	0	6.93281e-310	0
4.17198	0.182152	0	6.93281e-310	0
4.17595	2.55703e-16	0	6.93281e-310	0

0	4.57848	0	6.93281e-310	0
0.19971	4.57412	0	6.93281e-310	0
0.399041	4.56105	0	6.93281e-310	0
0.597611	4.53931	0	6.93281e-310	0
0.795044	4.50892	0	6.93281e-310	0
0.990964	4.46995	0	6.93281e-310	0
1.185	4.42247	0	6.93281e-310	0
1.37677	4.36657	0	6.93281e-310	0
1.56593	4.30236	0	6.93281e-310	0
1.75211	4.22996	0	6.93281e-310	0
1.93495	4.14951	0	6.93281e-310	0
2.11411	4.06116	0	6.93281e-310	0
2.28924	3.96508	0	6.93281e-310	0
2.46001	3.86145	0	6.93281e-310	0
2.62611	3.75047	0	6.93281e-310	0
2.7872	3.63235	0	6.93281e-310	0
2.94299	3.50732	0	6.93281e-310	0
3.09317	3.37561	0	6.93281e-310	0
3.23747	3.23747	0	6.93281e-310	0
3.37561	3.09317	0	6.93281e-310	0
3.50732	2.94299	0	6.93281e-310	0
3.63235	2.7872	0	6.93281e-310	0
3.75047	2.62611	0	6.93281e-310	0
3.86145	2.46001	0	6.93281e-310	0
3.96508	2.28924	0	6.93281e-310	0
4.06116	2.11411	0	6.93281e-310	0
4.14951	1.93495	0	6.93281e-310	0
4.22996	1.75211	0	6.93281e-310	0
4.30236	1.56593	0	6.93281e-310	0
4.36657	1.37677	0	6.93281e-310	0
4.42247	1.185	0	6.93281e-310	0
4.46995	0.990964	0	6.93281e-310	0
4.50892	0.795044	0	6.93281e-310	0
4.53931	0.597611	0	6.93281e-310	0
4.56105	0.399041	0	6.93281e-310	0
4.57412	0.19971	0	6.93281e-310	0
4.57848	2.80351e-16	0	6.93281e-310	0

0	5.0198	0	6.93281e-310	0
0.218961	5.01503	0	6.93281e-310	0
0.437505	5.0007	0	6.93281e-310	0
0.655216	4.97686	0	6.93281e-310	0
0.87168	4.94354	0	6.93281e-310	0
1.08648	4.90081	0	6.93281e-310	0
1.29922	4.84876	0	6.93281e-310	0
1.50948	4.78747	0	6.93281e-310	0
1.71687	4.71707	0	6.93281e-310	0
1.921	4.63769	0	6.93281e-310	0
2.12146	4.54949	0	6.93281e-310	0
2.31789	4.45262	0	6.93281e-310	0
2.5099	4.34728	0	6.93281e-310	0
2.69714	4.23366	0	6.93281e-310	0
2.87924	4.11198	0	6.93281e-310	0
3.05586	3.98248	0	6.93281e-310	0
3.22667	3.84539	0	6.93281e-310	0
3.39133	3.70099	0	6.93281e-310	0
3.54954	3.54954	0	6.93281e-310	0
3.70099	3.39133	0	6.93281e-310	0
3.84539	3.22667	0	6.93281e-310	0
3.98248	3.05586	0	6.93281e-310	0
4.11198	2.87924	0	6.93281e-310	0
4.23366	2.69714	0	6.93281e-310	0
4.34728	2.5099	0	6.93281e-310	0
4.45262	2.31789	0	6.93281e-310	0
4.54949	2.12146	0	6.93281e-310	0
4.63769	1.921	0	6.93281e-310	0
4.71707	1.71687	0	6.93281e-310	0
4.78747	1.50948	0	6.93281e-310	0
4.84876	1.29922	0	6.93281e-310	0
4.90081	1.08648	0	6.93281e-310	0
4.94354	0.87168	0	6.93281e-310	0
4.97686	0.655216	0	6.93281e-310	0
5.0007	0.437505	0	6.93281e-310	0
5.01503	0.218961	0	6.93281e-310	0
5.0198	3.07374e-16	0	6.93281e-310	0

0	5.50367	0	6.93281e-310	0
0.240067	5.49843	0	6.93281e-310	0
0.479676	5.48273	0	6.93281e-310	0
0.718373	5.45658	0	6.93281e-310	0
0.955702	5.42006	0	6.93281e-310	0
1.19121	5.37321	0	6.93281e-310	0
1.42445	5.31614	0	6.93281e-310	0
1.65499	5.24894	0	6.93281e-310	0
1.88237	5.17176	0	6.93281e-310	0
2.10616	5.08473	0	6.93281e-310	0
2.32595	4.98802	0	6.93281e-310	0
2.54131	4.88181	0	6.93281e-310	0
2.75183	4.76632	0	6.93281e-310	0
2.95712	4.64175	0	6.93281e-310	0
3.15678	4.50834	0	6.93281e-310	0
3.35042	4.36635	0	6.93281e-310	0
3.53769	4.21606	0	6.93281e-310	0
3.71823	4.05773	0	6.93281e-310	0
3.89168	3.89168	0	6.93281e-310	0
4.05773	3.71823	0	6.93281e-310	0
4.21606	3.53769	0	6.93281e-310	0
4.36635	3.35042	0	6.93281e-310	0
4.50834	3.15678	0	6.93281e-310	0
4.64175	2.95712	0	6.93281e-310	0
4.76632	2.75183	0	6.93281e-310	0
4.88181	2.54131	0	6.93281e-310	0
4.98802	2.32595	0	6.93281e-310	0
5.08473	2.10616	0	6.93281e-310	0
5.17176	1.88237	0	6.93281e-310	0
5.24894	1.65499	0	6.93281e-310	0
5.31614	1.42445	0	6.93281e-310	0
5.37321	1.19121	0	6.93281e-310	0
5.42006	0.955702	0	6.93281e-310	0
5.45658	0.718373	0	6.93281e-310	0
5.48273	0.479676	0	6.93281e-310	0
5.49843	0.240067	0	6.93281e-310	0
5.50367	3.37003e-16	0	6.93281e-310	0

0	6.03418	0	6.93281e-310	0
0.263207	6.02843	0	6.93281e-310	0
0.525913	6.01121	0	6.93281e-310	0
0.787618	5.98255	0	6.93281e-310	0
1.04782	5.9425	0	6.93281e-310	0
1.30603	5.89114	0	6.93281e-310	0
1.56176	5.82857	0	6.93281e-310	0
1.81451	5.7549	0	6.93281e-310	0
2.06381	5.67027	0	6.93281e-310	0
2.30918	5.57485	0	6.93281e-310	0
2.55015	5.46882	0	6.93281e-310	0
2.78627	5.35238	0	6.93281e-310	0
3.01709	5.22575	0	6.93281e-310	0
3.24216	5.08917	0	6.93281e-310	0
3.46106	4.94291	0	6.93281e-310	0
3.67337	4.78723	0	6.93281e-310	0
3.87869	4.62245	0	6.93281e-310	0
4.07663	4.44886	0	6.93281e-310	0
4.26681	4.26681	0	6.93281e-310	0
4.44886	4.07663	0	6.93281e-310	0
4.62245	3.87869	0	6.93281e-310	0
4.78723	3.67337	0	6.93281e-310	0
4.94291	3.46106	0	6.93281e-310	0
5.08917	3.24216	0	6.93281e-310	0
5.22575	3.01709	0	6.93281e-310	0
5.35238	2.78627	0	6.93281e-310	0
5.46882	2.55015	0	6.93281e-310	0
5.57485	2.30918	0	6.93281e-310	0
5.67027	2.06381	0	6.93281e-310	0
5.7549	1.81451	0	6.93281e-310	0
5.82857	1.56176	0	6.93281e-310	0
5.89114	1.30603	0	6.93281e-310	0
5.9425	1.04782	0	6.93281e-310	0
5.98255	0.787618	0	6.93281e-310	0
6.01121	0.525913	0	6.93281e-310	0
6.02843	0.263207	0	6.93281e-310	0
6.03418	3.69487e-16	0	6.93281e-310	0

0	6.61582	0	6.93281e-310	0
0.288578	6.60952	0	6.93281e-310	0
0.576607	6.59064	0	6.93281e-310	0
0.863538	6.55922	0	6.93281e-310	0
1.14883	6.51531	0	6.93281e-310	0
1.43193	6.459	0	6.93281e-310	0
1.7123	6.39039	0	6.93281e-310	0
1.98942	6.30962	0	6.93281e-310	0
2.26274	6.21684	0	6.93281e-310	0
2.53176	6.11222	0	6.93281e-310	0
2.79597	5.99597	0	6.93281e-310	0
3.05485	5.8683	0	6.93281e-310	0
3.30791	5.72947	0	6.93281e-310	0
3.55468	5.57973	0	6.93281e-310	0
3.79468	5.41936	0	6.93281e-310	0
4.02746	5.24868	0	6.93281e-310	0
4.25257	5.06801	0	6.93281e-310	0
4.46958	4.87769	0	6.93281e-310	0
4.67809	4.67809	0	6.93281e-310	0
4.87769	4.46958	0	6.93281e-310	0
5.06801	4.25257	0	6.93281e-310	0
5.24868	4.02746	0	6.93281e-310	0
5.41936	3.79468	0	6.93281e-310	0
5.57973	3.55468	0	6.93281e-310	0
5.72947	3.30791	0	6.93281e-310	0
5.8683	3.05485	0	6.93281e-310	0
5.99597	2.79597	0	6.93281e-310	0
6.11222	2.53176	0	6.93281e-310	0
6.21684	2.26274	0	6.93281e-310	0
6.30962	1.98942	0	6.93281e-310	0
6.39039	1.7123	0	6.93281e-310	0
6.459	1.43193	0	6.93281e-310	0
6.51531	1.14883	0	6.93281e-310	0
6.55922	0.863538	0	6.93281e-310	0
6.59064	0.576607	0	6.93281e-310	0
6.60952	0.288578	0	6.93281e-310	0
6.61582	4.05102e-16	0	6.93281e-310	0

0	7.25353	0	6.93281e-310	0
0.316394	7.24662	0	6.93281e-310	0
0.632187	7.22593	0	6.93281e-310	0
0.946775	7.19147	0	6.93281e-310	0
1.25956	7.14333	0	6.93281e-310	0
1.56995	7.08159	0	6.93281e-310	0
1.87735	7.00637	0	6.93281e-310	0
2.18118	6.91781	0	6.93281e-310	0
2.48085	6.81609	0	6.93281e-310	0
2.77581	6.70139	0	6.93281e-310	0
3.06547	6.57393	0	6.93281e-310	0
3.34931	6.43396	0	6.93281e-310	0
3.62676	6.28174	0	6.93281e-310	0
3.89732	6.11756	0	6.93281e-310	0
4.16045	5.94174	0	6.93281e-310	0
4.41567	5.75461	0	6.93281e-310	0
4.66248	5.55653	0	6.93281e-310	0
4.90041	5.34786	0	6.93281e-310	0
5.12902	5.12902	0	6.93281e-310	0
5.34786	4.90041	0	6.93281e-310	0
5.55653	4.66248	0	6.93281e-310	0
5.75461	4.41567	0	6.93281e-310	0
5.94174	4.16045	0	6.93281e-310	0
6.11756	3.89732	0	6.93281e-310	0
6.28174	3.62676	0	6.93281e-310	0
6.43396	3.34931	0	6.93281e-310	0
6.57393	3.06547	0	6.93281e-310	0
6.70139	2.77581	0	6.93281e-310	0
6.81609	2.48085	0	6.93281e-310	0
6.91781	2.18118	0	6.93281e-310	0
7.00637	1.87735	0	6.93281e-310	0
7.08159	1.56995	0	6.93281e-310	0
7.14333	1.25956	0	6.93281e-310	0
7.19147	0.946775	0	6.93281e-310	0
7.22593	0.632187	0	6.93281e-310	0
7.24662	0.316394	0	6.93281e-310	0
7.25353	4.44151e-16	0	6.93281e-310	0

0	7.95271	0	6.93281e-310	0
0.346892	7.94514	0	6.93281e-310	0
0.693124	7.92244	0	6.93281e-310	0
1.03804	7.88467	0	6.93281e-310	0
1.38097	7.83189	0	6.93281e-310	0
1.72128	7.7642	0	6.93281e-310	0
2.05831	7.68173	0	6.93281e-310	0
2.39143	7.58463	0	6.93281e-310	0
2.71999	7.4731	0	6.93281e-310	0
3.04337	7.34734	0	6.93281e-310	0
3.36096	7.2076	0	6.93281e-310	0
3.67215	7.05414	0	6.93281e-310	0
3.97635	6.88725	0	6.93281e-310	0
4.27299	6.70725	0	6.93281e-310	0
4.56149	6.51448	0	6.93281e-310	0
4.8413	6.30931	0	6.93281e-310	0
5.1119	6.09213	0	6.93281e-310	0
5.37277	5.86335	0	6.93281e-310	0
5.62341	5.62341	0	6.93281e-310	0
5.86335	5.37277	0	6.93281e-310	0
6.09213	5.1119	0	6.93281e-310	0
6.30931	4.8413	0	6.93281e-310	0
6.51448	4.56149	0	6.93281e-310	0
6.70725	4.27299	0	6.93281e-310	0
6.88725	3.97635	0	6.93281e-310	0
7.05414	3.67215	0	6.93281e-310	0
7.2076	3.36096	0	6.93281e-310	0
7.34734	3.04337	0	6.93281e-310	0
7.4731	2.71999	0	6.93281e-310	0
7.58463	2.39143	0	6.93281e-310	0
7.68173	2.05831	0	6.93281e-310	0
7.7642	1.72128	0	6.93281e-310	0
7.83189	1.38097	0	6.93281e-310	0
7.88467	1.03804	0	6.93281e-310	0
7.92244	0.693124	0	6.93281e-310	0
7.94514	0.346892	0	6.93281e-310	0
7.95271	4.86963e-16	0	6.93281e-310	0

0	8.71928	0	6.93281e-310	0
0.38033	8.71098	0	6.93281e-310	0
0.759935	8.6861	0	6.93281e-310	0
1.13809	8.64469	0	6.93281e-310	0
1.51409	8.58682	0	6.93281e-310	0
1.8872	8.5126	0	6.93281e-310	0
2.25672	8.42218	0	6.93281e-310	0
2.62194	8.31573	0	6.93281e-310	0
2.98217	8.19344	0	6.93281e-310	0
3.33672	8.05557	0	6.93281e-310	0
3.68493	7.90235	0	6.93281e-310	0
4.02612	7.7341	0	6.93281e-310	0
4.35964	7.55112	0	6.93281e-310	0
4.68487	7.35377	0	6.93281e-310	0
5.00117	7.14242	0	6.93281e-310	0
5.30796	6.91747	0	6.93281e-310	0
5.60465	6.67936	0	6.93281e-310	0
5.89066	6.42853	0	6.93281e-310	0
6.16546	6.16546	0	6.93281e-310	0
6.42853	5.89066	0	6.93281e-310	0
6.67936	5.60465	0	6.93281e-310	0
6.91747	5.30796	0	6.93281e-310	0
7.14242	5.00117	0	6.93281e-310	0
7.35377	4.68487	0	6.93281e-310	0
7.55112	4.35964	0	6.93281e-310	0
7.7341	4.02612	0	6.93281e-310	0
7.90235	3.68493	0	6.93281e-310	0
8.05557	3.33672	0	6.93281e-310	0
8.19344	2.98217	0	6.93281e-310	0
8.31573	2.62194	0	6.93281e-310	0
8.42218	2.25672	0	6.93281e-310	0
8.5126	1.8872	0	6.93281e-310	0
8.58682	1.51409	0	6.93281e-310	0
8.64469	1.13809	0	6.93281e-310	0
8.6861	0.759935	0	6.93281e-310	0
8.71098	0.38033	0	6.93281e-310	0
8.71928	5.33902e-16	0	6.93281e-310	0

0	9.55975	0	6.93281e-310	0
0.41699	9.55065	0	6.93281e-310	0
0.833187	9.52337	0	6.93281e-310	0
1.2478	9.47796	0	6.93281e-310	0
1.66003	9.41451	0	6.93281e-310	0
2.06911	9.33314	0	6.93281e-310	0
2.47424	9.23401	0	6.93281e-310	0
2.87467	9.11729	0	6.93281e-310	0
3.26963	8.98322	0	6.93281e-310	0
3.65836	8.83205	0	6.93281e-310	0
4.04012	8.66407	0	6.93281e-310	0
4.4142	8.4796	0	6.93281e-310	0
4.77987	8.27898	0	6.93281e-310	0
5.13645	8.06261	0	6.93281e-310	0
5.48324	7.83089	0	6.93281e-310	0
5.8196	7.58426	0	6.93281e-310	0
6.14489	7.32319	0	6.93281e-310	0
6.45847	7.04818	0	6.93281e-310	0
6.75976	6.75976	0	6.93281e-310	0
7.04818	6.45847	0	6.93281e-310	0
7.32319	6.14489	0	6.93281e-310	0
7.58426	5.8196	0	6.93281e-310	0
7.83089	5.48324	0	6.93281e-310	0
8.06261	5.13645	0	6.93281e-310	0
8.27898	4.77987	0	6.93281e-310	0
8.4796	4.4142	0	6.93281e-310	0
8.66407	4.04012	0	6.93281e-310	0
8.83205	3.65836	0	6.93281e-310	0
8.98322	3.26963	0	6.93281e-310	0
9.11729	2.87467	0	6.93281e-310	0
9.23401	2.47424	0	6.93281e-310	0
9.33314	2.06911	0	6.93281e-310	0
9.41451	1.66003	0	6.93281e-310	0
9.47796	1.2478	0	6.93281e-310	0
9.52337	0.833187	0	6.93281e-310	0
9.55065	0.41699	0	6.93281e-310	0
9.55975	5.85366e-16	0	6.93281e-310	0

0	10.4812	0	6.93281e-310	0
0.457185	10.4712	0	6.93281e-310	0
0.913499	10.4413	0	6.93281e-310	0
1.36807	10.3916	0	6.93281e-310	0
1.82005	10.322	0	6.93281e-310	0
2.26855	10.2328	0	6.93281e-310	0
2.71274	10.1241	0	6.93281e-310	0
3.15176	9.99612	0	6.93281e-310	0
3.58479	9.84913	0	6.93281e-310	0
4.01099	9.68339	0	6.93281e-310	0
4.42956	9.49921	0	6.93281e-310	0
4.83969	9.29696	0	6.93281e-310	0
5.24061	9.07701	0	6.93281e-310	0
5.63156	8.83977	0	6.93281e-310	0
6.01178	8.58572	0	6.93281e-310	0
6.38056	8.31531	0	6.93281e-310	0
6.7372	8.02908	0	6.93281e-310	0
7.08101	7.72757	0	6.93281e-310	0
7.41134	7.41134	0	6.93281e-310	0
7.72757	7.08101	0	6.93281e-310	0
8.02908	6.7372	0	6.93281e-310	0
8.31531	6.38056	0	6.93281e-310	0
8.58572	6.01178	0	6.93281e-310	0
8.83977	5.63156	0	6.93281e-310	0
9.07701	5.24061	0	6.93281e-310	0
9.29696	4.83969	0	6.93281e-310	0
9.49921	4.42956	0	6.93281e-310	0
9.68339	4.01099	0	6.93281e-310	0
9.84913	3.58479	0	6.93281e-310	0
9.99612	3.15176	0	6.93281e-310	0
10.1241	2.71274	0	6.93281e-310	0
10.2328	2.26855	0	6.93281e-310	0
10.322	1.82005	0	6.93281e-310	0
10.3916	1.36807	0	6.93281e-310	0
10.4413	0.913499	0	6.93281e-310	0
10.4712	0.457185	0	6.93281e-310	0
10.4812	6.4179e-16	0	6.93281e-310	0

0	11.4915	0	6.93281e-310	0
0.501253	11.4806	0	6.93281e-310	0
1.00155	11.4478	0	6.93281e-310	0
1.49994	11.3932	0	6.93281e-310	0
1.99548	11.3169	0	6.93281e-310	0
2.48722	11.2191	0	6.93281e-310	0
2.97423	11.1	0	6.93281e-310	0
3.45557	10.9597	0	6.93281e-310	0
3.93033	10.7985	0	6.93281e-310	0
4.39762	10.6168	0	6.93281e-310	0
4.85653	10.4149	0	6.93281e-310	0
5.3062	10.1931	0	6.93281e-310	0
5.74576	9.95195	0	6.93281e-310	0
6.17439	9.69185	0	6.93281e-310	0
6.59127	9.41331	0	6.93281e-310	0
6.9956	9.11684	0	6.93281e-310	0
7.38661	8.80302	0	6.93281e-310	0
7.76356	8.47244	0	6.93281e-310	0
8.12574	8.12574	0	6.93281e-310	0
8.47244	7.76356	0	6.93281e-310	0
8.80302	7.38661	0	6.93281e-310	0
9.11684	6.9956	0	6.93281e-310	0
9.41331	6.59127	0	6.93281e-310	0
9.69185	6.17439	0	6.93281e-310	0
9.95195	5.74576	0	6.93281e-310	0
10.1931	5.3062	0	6.93281e-310	0
10.4149	4.85653	0	6.93281e-310	0
10.6168	4.39762	0	6.93281e-310	0
10.7985	3.93033	0	6.93281e-310	0
10.9597	3.45557	0	6.93281e-310	0
11.1	2.97423	0	6.93281e-310	0
11.2191	2.48722	0	6.93281e-310	0
11.3169	1.99548	0	6.93281e-310	0
11.3932	1.49994	0	6.93281e-310	0
11.4478	1.00155	0	6.93281e-310	0
11.4806	0.501253	0	6.93281e-310	0
11.4915	7.03653e-16	0	6.93281e-310	0

0	12.5992	0	6.93281e-310	0
0.54957	12.5872	0	6.93281e-310	0
1.09809	12.5513	0	6.93281e-310	0
1.64453	12.4914	0	6.93281e-310	0
2.18783	12.4078	0	6.93281e-310	0
2.72697	12.3006	0	6.93281e-310	0
3.26092	12.1699	0	6.93281e-310	0
3.78866	12.0161	0	6.93281e-310	0
4.30918	11.8394	0	6.93281e-310	0
4.82151	11.6402	0	6.93281e-310	0
5.32466	11.4188	0	6.93281e-310	0
5.81767	11.1756	0	6.93281e-310	0
6.29961	10.9112	0	6.93281e-310	0
6.76955	10.6261	0	6.93281e-310	0
7.22661	10.3207	0	6.93281e-310	0
7.66991	9.99563	0	6.93281e-310	0
8.09862	9.65156	0	6.93281e-310	0
8.5119	9.28911	0	6.93281e-310	0
8.90899	8.90899	0	6.93281e-310	0
9.28911	8.5119	0	6.93281e-310	0
9.65156	8.09862	0	6.93281e-310	0
9.99563	7.66991	0	6.93281e-310	0
10.3207	7.22661	0	6.93281e-310	0
10.6261	6.76955	0	6.93281e-310	0
10.9112	6.29961	0	6.93281e-310	0
11.1756	5.81767	0	6.93281e-310	0
11.4188	5.32466	0	6.93281e-310	0
11.6402	4.82151	0	6.93281e-310	0
11.8394	4.30918	0	6.93281e-310	0
12.0161	3.78866	0	6.93281e-310	0
12.1699	3.26092	0	6.93281e-310	0
12.3006	2.72697	0	6.93281e-310	0
12.4078	2.18783	0	6.93281e-310	0
12.4914	1.64453	0	6.93281e-310	0
12.5513	1.09809	0	6.93281e-310	0
12.5872	0.54957	0	6.93281e-310	0
12.5992	7.71479e-16	0	6.93281e-310	0

0	13.8137	0	6.93281e-310	0
0.602544	13.8005	0	6.93281e-310	0
1.20394	13.7611	0	6.93281e-310	0
1.80305	13.6955	0	6.93281e-310	0
2.39872	13.6038	0	6.93281e-310	0
2.98982	13.4862	0	6.93281e-310	0
3.57524	13.343	0	6.93281e-310	0
4.15385	13.1743	0	6.93281e-310	0
4.72455	12.9806	0	6.93281e-310	0
5.28626	12.7622	0	6.93281e-310	0
5.83791	12.5194	0	6.93281e-310	0
6.37844	12.2529	0	6.93281e-310	0
6.90683	11.963	0	6.93281e-310	0
7.42208	11.6503	0	6.93281e-310	0
7.92319	11.3155	0	6.93281e-310	0
8.40923	10.9591	0	6.93281e-310	0
8.87925	10.5819	0	6.93281e-310	0
9.33238	10.1845	0	6.93281e-310	0
9.76774	9.76774	0	6.93281e-310	0
10.1845	9.33238	0	6.93281e-310	0
10.5819	8.87925	0	6.93281e-310	0
10.9591	8.40923	0	6.93281e-310	0
11.3155	7.92319	0	6.93281e-310	0
11.6503	7.42208	0	6.93281e-310	0
11.963	6.90683	0	6.93281e-310	0
12.2529	6.37844	0	6.93281e-310	0
12.5194	5.83791	0	6.93281e-310	0
12.7622	5.28626	0	6.93281e-310	0
12.9806	4.72455	0	6.93281e-310	0
13.1743	4.15385	0	6.93281e-310	0
13.343	3.57524	0	6.93281e-310	0
13.4862	2.98982	0	6.93281e-310	0
13.6038	2.39872	0	6.93281e-310	0
13.6955	1.80305	0	6.93281e-310	0
13.7611	1.20394	0	6.93281e-310	0
13.8005	0.602544	0	6.93281e-310	0
13.8137	8.45843e-16	0	6.93281e-310	0

0	15.1452	0	6.93281e-310	0
0.660624	15.1308	0	6.93281e-310	0
1.31999	15.0876	0	6.93281e-310	0
1.97684	15.0156	0	6.93281e-310	0
2.62993	14.9151	0	6.93281e-310	0
3.27802	14.7862	0	6.93281e-310	0
3.91986	14.6291	0	6.93281e-310	0
4.55425	14.4442	0	6.93281e-310	0
5.17996	14.2318	0	6.93281e-310	0
5.79581	13.9923	0	6.93281e-310	0
6.40063	13.7262	0	6.93281e-310	0
6.99327	13.4339	0	6.93281e-310	0
7.57259	13.1161	0	6.93281e-310	0
8.1375	12.7733	0	6.93281e-310	0
8.68692	12.4062	0	6.93281e-310	0
9.21981	12.0155	0	6.93281e-310	0
9.73514	11.6019	0	6.93281e-310	0
10.2319	11.1662	0	6.93281e-310	0
10.7093	10.7093	0	6.93281e-310	0
11.1662	10.2319	0	6.93281e-310	0
11.6019	9.73514	0	6.93281e-310	0
12.0155	9.21981	0	6.93281e-310	0
12.4062	8.68692	0	6.93281e-310	0
12.7733	8.1375	0	6.93281e-310	0
13.1161	7.57259	0	6.93281e-310	0
13.4339	6.99327	0	6.93281e-310	0
13.7262	6.40063	0	6.93281e-310	0
13.9923	5.79581	0	6.93281e-310	0
14.2318	5.17996	0	6.93281e-310	0
14.4442	4.55425	0	6.93281e-310	0
14.6291	3.91986	0	6.93281e-310	0
14.7862	3.27802	0	6.93281e-310	0
14.9151	2.62993	0	6.93281e-310	0
15.0156	1.97684	0	6.93281e-310	0
15.0876	1.31999	0	6.93281e-310	0
15.1308	0.660624	0	6.93281e-310	0
15.1452	9.27375e-16	0	6.93281e-310	0

0	16.6051	0	6.93281e-310	0
0.724302	16.5893	0	6.93281e-310	0
1.44723	16.5419	0	6.93281e-310	0
2.16739	16.463	0	6.93281e-310	0
2.88344	16.3528	0	6.93281e-310	0
3.59399	16.2114	0	6.93281e-310	0
4.2977	16.0393	0	6.93281e-310	0
4.99324	15.8365	0	6.93281e-310	0
5.67926	15.6036	0	6.93281e-310	0
6.35448	15.3411	0	6.93281e-310	0
7.0176	15.0493	0	6.93281e-310	0
7.66736	14.7289	0	6.93281e-310	0
8.30253	14.3804	0	6.93281e-310	0
8.92189	14.0046	0	6.93281e-310	0
9.52427	13.6021	0	6.93281e-310	0
10.1085	13.1737	0	6.93281e-310	0
10.6735	12.7202	0	6.93281e-310	0
11.2182	12.2425	0	6.93281e-310	0
11.7415	11.7415	0	6.93281e-310	0
12.2425	11.2182	0	6.93281e-310	0
12.7202	10.6735	0	6.93281e-310	0
13.1737	10.1085	0	6.93281e-310	0
13.6021	9.52427	0	6.93281e-310	0
14.0046	8.92189	0	6.93281e-310	0
14.3804	8.30253	0	6.93281e-310	0
14.7289	7.66736	0	6.93281e-310	0
15.0493	7.0176	0	6.93281e-310	0
15.3411	6.35448	0	6.93281e-310	0
15.6036	5.67926	0	6.93281e-310	0
15.8365	4.99324	0	6.93281e-310	0
16.0393	4.2977	0	6.93281e-310	0
16.2114	3.59399	0	6.93281e-310	0
16.3528	2.88344	0	6.93281e-310	0
16.463	2.16739	0	6.93281e-310	0
16.5419	1.44723	0	6.93281e-310	0
16.5893	0.724302	0	6.93281e-310	0
16.6051	1.01677e-15	0	6.93281e-310	0

0	18.2056	0	6.93281e-310	0
0.794119	18.1883	0	6.93281e-310	0
1.58673	18.1364	0	6.93281e-310	0
2.37631	18.0499	0	6.93281e-310	0
3.16138	17.9291	0	6.93281e-310	0
3.94042	17.7741	0	6.93281e-310	0
4.71197	17.5853	0	6.93281e-310	0
5.47454	17.363	0	6.93281e-310	0
6.2267	17.1077	0	6.93281e-310	0
6.967	16.8198	0	6.93281e-310	0
7.69404	16.4999	0	6.93281e-310	0
8.40643	16.1486	0	6.93281e-310	0
9.10282	15.7665	0	6.93281e-310	0
9.78188	15.3545	0	6.93281e-310	0
10.4423	14.9132	0	6.93281e-310	0
11.0829	14.4435	0	6.93281e-310	0
11.7024	13.9463	0	6.93281e-310	0
12.2996	13.4226	0	6.93281e-310	0
12.8733	12.8733	0	6.93281e-310	0
13.4226	12.2996	0	6.93281e-310	0
13.9463	11.7024	0	6.93281e-310	0
14.4435	11.0829	0	6.93281e-310	0
14.9132	10.4423	0	6.93281e-310	0
15.3545	9.78188	0	6.93281e-310	0
15.7665	9.10282	0	6.93281e-310	0
16.1486	8.40643	0	6.93281e-310	0
16.4999	7.69404	0	6.93281e-310	0
16.8198	6.967	0	6.93281e-310	0
17.1077	6.2267	0	6.93281e-310	0
17.363	5.47454	0	6.93281e-310	0
17.5853	4.71197	0	6.93281e-310	0
17.7741	3.94042	0	6.93281e-310	0
17.9291	3.16138	0	6.93281e-310	0
18.0499	2.37631	0	6.93281e-310	0
18.1364	1.58673	0	6.93281e-310	0
18.1883	0.794119	0	6.93281e-310	0
18.2056	1.11477e-15	0	6.93281e-310	0

0	19.9605	0	6.93281e-310	0
0.870665	19.9415	0	6.93281e-310	0
1.73967	19.8846	0	6.93281e-310	0
2.60537	19.7897	0	6.93281e-310	0
3.46611	19.6573	0	6.93281e-310	0
4.32025	19.4874	0	6.93281e-310	0
5.16616	19.2804	0	6.93281e-310	0
6.00224	19.0367	0	6.93281e-310	0
6.8269	18.7567	0	6.93281e-310	0
7.63856	18.4411	0	6.93281e-310	0
8.43568	18.0904	0	6.93281e-310	0
9.21674	17.7052	0	6.93281e-310	0
9.98026	17.2863	0	6.93281e-310	0
10.7248	16.8345	0	6.93281e-310	0
11.4489	16.3507	0	6.93281e-310	0
12.1512	15.8357	0	6.93281e-310	0
12.8304	15.2906	0	6.93281e-310	0
13.4851	14.7164	0	6.93281e-310	0
14.1142	14.1142	0	6.93281e-310	0
14.7164	13.4851	0	6.93281e-310	0
15.2906	12.8304	0	6.93281e-310	0
15.8357	12.1512	0	6.93281e-310	0
16.3507	11.4489	0	6.93281e-310	0
16.8345	10.7248	0	6.93281e-310	0
17.2863	9.98026	0	6.93281e-310	0
17.7052	9.21674	0	6.93281e-310	0
18.0904	8.43568	0	6.93281e-310	0
18.4411	7.63856	0	6.93281e-310	0
18.7567	6.8269	0	6.93281e-310	0
19.0367	6.00224	0	6.93281e-310	0
19.2804	5.16616	0	6.93281e-310	0
19.4874	4.32025	0	6.93281e-310	0
19.6573	3.46611	0	6.93281e-310	0
19.7897	2.60537	0	6.93281e-310	0
19.8846	1.73967	0	6.93281e-310	0
19.9415	0.870665	0	6.93281e-310	0
19.9605	1.22223e-15	0	6.93281e-310	0

0	21.8845	0	6.93281e-310	0
0.95459	21.8637	0	6.93281e-310	0
1.90736	21.8013	0	6.93281e-310	0
2.85651	21.6973	0	6.93281e-310	0
3.80021	21.5521	0	6.93281e-310	0
4.73668	21.3658	0	6.93281e-310	0
5.66413	21.1388	0	6.93281e-310	0
6.58081	20.8717	0	6.93281e-310	0
7.48495	20.5647	0	6.93281e-310	0
8.37485	20.2187	0	6.93281e-310	0
9.2488	19.8341	0	6.93281e-310	0
10.1052	19.4118	0	6.93281e-310	0
10.9423	18.9526	0	6.93281e-310	0
11.7586	18.4572	0	6.93281e-310	0
12.5525	17.9268	0	6.93281e-310	0
13.3225	17.3622	0	6.93281e-310	0
14.0671	16.7645	0	6.93281e-310	0
14.785	16.135	0	6.93281e-310	0
15.4747	15.4747	0	6.93281e-310	0
16.135	14.785	0	6.93281e-310	0
16.7645	14.0671	0	6.93281e-310	0
17.3622	13.3225	0	6.93281e-310	0
17.9268	12.5525	0	6.93281e-310	0
18.4572	11.7586	0	6.93281e-310	0
18.9526	10.9423	0	6.93281e-310	0
19.4118	10.1052	0	6.93281e-310	0
19.8341	9.2488	0	6.93281e-310	0
20.2187	8.37485	0	6.93281e-310	0
20.5647	7.48495	0	6.93281e-310	0
20.8717	6.58081	0	6.93281e-310	0
21.1388	5.66413	0	6.93281e-310	0
21.3658	4.73668	0	6.93281e-310	0
21.5521	3.80021	0	6.93281e-310	0
21.6973	2.85651	0	6.93281e-310	0
21.8013	1.90736	0	6.93281e-310	0
21.8637	0.95459	0	6.93281e-310	0
21.8845	1.34004e-15	0	6.93281e-310	0

0	23.994	0	6.93281e-310	0
1.0466	23.9712	0	6.93281e-310	0
2.09122	23.9027	0	6.93281e-310	0
3.13185	23.7887	0	6.93281e-310	0
4.16652	23.6295	0	6.93281e-310	0
5.19326	23.4253	0	6.93281e-310	0
6.21011	23.1764	0	6.93281e-310	0
7.21514	22.8835	0	6.93281e-310	0
8.20644	22.547	0	6.93281e-310	0
9.18211	22.1676	0	6.93281e-310	0
10.1403	21.746	0	6.93281e-310	0
11.0792	21.283	0	6.93281e-310	0
11.997	20.7794	0	6.93281e-310	0
12.892	20.2364	0	6.93281e-310	0
13.7624	19.6547	0	6.93281e-310	0
14.6066	19.0357	0	6.93281e-310	0
15.4231	18.3805	0	6.93281e-310	0
16.2101	17.6902	0	6.93281e-310	0
16.9663	16.9663	0	6.93281e-310	0
17.6902	16.2101	0	6.93281e-310	0
18.3805	15.4231	0	6.93281e-310	0
19.0357	14.6066	0	6.93281e-310	0
19.6547	13.7624	0	6.93281e-310	0
20.2364	12.892	0	6.93281e-310	0
20.7794	11.997	0	6.93281e-310	0
21.283	11.0792	0	6.93281e-310	0
21.746	10.1403	0	6.93281e-310	0
22.1676	9.18211	0	0	5.70613
22.547	8.20644	0	0	5.70613
22.8835	7.21514	0	0	5.70613
23.1764	6.21011	0	0	5.70613
23.4253	5.19326	0	0	5.70613
23.6295	4.16652	1.01741e-23	1.32275e-27	5.70613
23.7887	3.13185	3.26651e-22	1.34978e-25	5.70613
23.9027	2.09122	1.06316e-21	6.5105e-25	5.70613
23.9712	1.0466	1.80571e-21	1.31932e-24	5.70613
23.994	1.46921e-15	2.11236e-21	1.62621e-24	5.70613

0	26.3068	0	1.62621e-24	5.70613
1.14749	26.2818	0	1.62621e-24	5.70613
2.29279	26.2067	0	1.62621e-24	5.70613
3.43373	26.0818	0	1.62621e-24	5.70613
4.56813	25.9072	0	1.62621e-24	5.70613
5.69384	25.6833	0	1.62621e-24	5.70613
6.80871	25.4105	0	1.62621e-24	5.70613
7.91062	25.0893	0	1.62621e-24	5.70613
8.99747	24.7203	0	1.62621e-24	5.70613
10.0672	24.3044	0	1.62621e-24	5.70613
11.1178	23.8421	0	1.62621e-24	5.70613
12.1471	23.3345	0	1.62621e-24	5.70613
13.1534	22.7824	0	1.62621e-24	5.70613
14.1347	22.187	0	1.62621e-24	5.70613
15.089	21.5493	0	1.62621e-24	5.70613
16.0146	20.8706	0	1.62621e-24	5.70613
16.9097	20.1522	0	1.62621e-24	5.70613
17.7726	19.3954	0	1.62621e-24	5.70613
18.6017	18.6017	0	1.62621e-24	5.70613
19.3954	17.7726	0	1.62621e-24	5.70613
20.1522	16.9097	0	1.62621e-24	5.70613
20.8706	16.0146	0	1.62621e-24	5.70613
21.5493	15.089	0	1.62621e-24	5.70613
22.187	14.1347	0	0	5.70613
22.7824	13.1534	0	0	5.70613
23.3345	12.1471	0	0	5.70613
23.8421	11.1178	0	0	5.70613
24.3044	10.0672	0	0	5.70613
24.7203	8.99747	0	0	5.70613
25.0893	7.91062	0	0	5.70613
25.4105	6.80871	0	0	5.70613
25.6833	5.69384	2.46706e-22	9.28377e-26	5.70613
25.9072	4.56813	1.49066e-21	1.02169e-24	5.70613
26.0818	3.43373	3.61492e-21	3.32876e-24	5.70613
26.2067	2.29279	5.93654e-21	6.44954e-24	5.70613
26.2818	1.14749	7.69863e-21	9.12086e-24	5.70613
26.3068	1.61083e-15	8.35192e-21	1.01672e-23	5.70613

0	28.8426	0	1.01672e-23	5.70613
1.2581	28.8151	0	1.01672e-23	5.70613
2.5138	28.7328	0	1.01672e-23	5.70613
3.76471	28.5958	0	1.01672e-23	5.70613
5.00846	28.4044	0	1.01672e-23	5.70613
6.24268	28.1589	0	1.01672e-23	5.70613
7.46501	27.8598	0	1.01672e-23	5.70613
8.67314	27.5077	0	1.01672e-23	5.70613
9.86475	27.1032	0	1.01672e-23	5.70613
11.0376	26.6471	0	1.01672e-23	5.70613
12.1894	26.1403	0	1.01672e-23	5.70613
13.318	25.5837	0	1.01672e-23	5.70613
14.4213	24.9784	0	1.01672e-23	5.70613
15.4971	24.3256	0	1.01672e-23	5.70613
16.5434	23.6265	0	1.01672e-23	5.70613
17.5583	22.8824	0	1.01672e-23	5.70613
18.5397	22.0947	0	1.01672e-23	5.70613
19.4858	21.265	0	1.01672e-23	5.70613
20.3948	20.3948	0	1.01672e-23	5.70613
21.265	19.4858	0	1.01672e-23	5.70613
22.0947	18.5397	0	0	5.70613
22.8824	17.5583	0	0	5.70613
23.6265	16.5434	0	0	5.70613
24.3256	15.4971	0	0	5.70613
24.9784	14.4213	0	0	5.70613
25.5837	13.318	0	0	5.70613
26.1403	12.1894	0	0	5.70613
26.6471	11.0376	0	0	5.70613
27.1032	9.86475	0	0	5.70613
27.5077	8.67314	0	0	5.70613
27.8598	7.46501	1.95429e-22	6.80462e-26	5.70613
28.1589	6.24268	1.39672e-21	9.36767e-25	5.70613
28.4044	5.00846	3.69673e-21	3.42958e-24	5.70613
28.5958	3.76471	6.5662e-21	7.37741e-24	5.70613
28.7328	2.5138	9.2886e-21	1.17153e-23	5.70613
28.8151	1.2581	1.12151e-20	1.50621e-23	5.70613
28.8426	1.7661e-15	1.19083e-20	1.63161e-23	5.70613

0	31.6228	0	1.63161e-23	5.70613
1.37937	31.5927	0	1.63161e-23	5.70613
2.75611	31.5024	0	1.63161e-23	5.70613
4.1276	31.3522	0	1.63161e-23	5.70613
5.49124	31.1424	0	1.63161e-23	5.70613
6.84442	30.8732	0	1.63161e-23	5.70613
8.18458	30.5453	0	1.63161e-23	5.70613
9.50915	30.1592	0	1.63161e-23	5.70613
10.8156	29.7157	0	1.63161e-23	5.70613
12.1015	29.2156	0	1.63161e-23	5.70613
13.3644	28.66	0	1.63161e-23	5.70613
14.6018	28.0497	0	1.63161e-23	5.70613
15.8114	27.3861	0	1.63161e-23	5.70613
16.9909	26.6704	0	1.63161e-23	5.70613
18.1381	25.9039	0	1.63161e-23	5.70613
19.2507	25.088	0	1.63161e-23	5.70613
20.3267	24.2245	0	1.63161e-23	5.70613
21.364	23.3148	0	1.63161e-23	5.70613
22.3607	22.3607	0	0	5.70613
23.3148	21.364	0	0	5.70613
24.2245	20.3267	0	0	5.70613
25.088	19.2507	0	0	5.70613
25.9039	18.1381	0	0	5.70613
26.6704	16.9909	0	0	5.70613
27.3861	15.8114	0	0	5.70613
28.0497	14.6018	0	0	5.70613
28.66	13.3644	0	0	5.70613
29.2156	12.1015	0	0	5.70613
29.7157	10.8156	0	0	5.70613
30.1592	9.50915	8.20702e-24	9.93266e-28	5.71708
30.5453	8.18458	4.26402e-22	1.92565e-25	5.74995
30.8732	6.84442	1.76854e-21	1.28323e-24	5.77772
31.1424	5.49124	3.91881e-21	3.70701e-24	5.8004
31.3522	4.1276	6.41815e-21	7.15645e-24	5.81803
31.5024	2.75611	8.71187e-21	1.07556e-23	5.8306
31.5927	1.37937	1.03089e-20	1.34618e-23	5.83815
31.6228	1.93634e-15	1.08798e-20	1.44647e-23	5.84066

0	34.6709	0	1.44647e-23	5.84066
1.51233	34.6379	0	1.44647e-23	5.84066
3.02177	34.539	0	1.44647e-23	5.84066
4.52547	34.3743	0	1.44647e-23	5.84066
6.02055	34.1442	0	1.44647e-23	5.84066
7.50417	33.8491	0	1.44647e-23	5.84066
8.9735	33.4896	0	1.44647e-23	5.84066
10.4258	33.0663	0	1.44647e-23	5.84066
11.8582	32.58	0	1.44647e-23	5.84066
13.268	32.0318	0	1.44647e-23	5.84066
14.6526	31.4225	0	1.44647e-23	5.84066
16.0093	30.7535	0	1.44647e-23	5.84066
17.3355	30.0259	0	1.44647e-23	5.84066
18.6287	29.2412	0	1.44647e-23	5.84066
19.8864	28.4008	0	1.44647e-23	5.84066
21.1063	27.5063	0	1.44647e-23	5.84066
22.2861	26.5595	0	0	5.70613
23.4234	25.5621	0	0	5.70613
24.5161	24.5161	0	0	5.70613
25.5621	23.4234	0	0	5.70613
26.5595	22.2861	0	0	5.70613
27.5063	21.1063	0	0	5.70613
28.4008	19.8864	0	0	5.70613
29.2412	18.6287	0	0	5.70613
30.0259	17.3355	0	0	5.70613
30.7535	16.0093	0	0	5.76292
31.4225	14.6526	0	0	5.81928
32.0318	13.268	0	0	5.87012
32.58	11.8582	0	0	5.91548
33.0663	10.4258	2.58817e-23	4.59347e-27	5.9554
33.4896	8.9735	5.01363e-22	2.38976e-25	5.98993
33.8491	7.50417	1.76155e-21	1.27647e-24	6.0191
34.1442	6.02055	3.65336e-21	3.37604e-24	6.04293
34.3743	4.52547	5.78586e-21	6.2322e-24	6.06144
34.539	3.02177	7.71092e-21	9.14027e-24	6.07465
34.6379	1.51233	9.0394e-21	1.12981e-23	6.08258
34.6709	2.12298e-15	9.51234e-21	1.2093e-23	6.08522

0	38.0129	0	1.2093e-23	6.08522
1.6581	37.9767	0	1.2093e-23	6.08522
3.31305	37.8683	0	1.2093e-23	6.08522
4.96168	37.6877	0	1.2093e-23	6.08522
6.60088	37.4354	0	1.2093e-23	6.08522
8.2275	37.1119	0	1.2093e-23	6.08522
9.83847	36.7177	0	1.2093e-23	6.08522
11.4307	36.2536	0	1.2093e-23	6.08522
13.0012	35.7205	0	1.2093e-23	6.08522
14.5469	35.1194	0	1.2093e-23	6.08522
16.065	34.4514	0	1.2093e-23	6.08522
17.5524	33.7179	0	1.2093e-23	6.08522
19.0065	32.9202	0	1.2093e-23	6.08522
20.4243	32.0598	0	1.2093e-23	6.08522
21.8033	31.1384	0	1.2093e-23	6.08522
23.1408	30.1577	0	0	5.70613
24.4342	29.1196	0	0	5.70613
25.6812	28.0261	0	0	5.70613
26.8792	26.8792	0	0	5.70613
28.0261	25.6812	0	0	5.70613
29.1196	24.4342	0	0	5.70613
30.1577	23.1408	0	0	5.70749
31.1384	21.8033	0	0	5.79071
32.0598	20.4243	0	0	5.86778
32.9202	19.0065	0	0	5.93881
33.7179	17.5524	0	0	6.00389
34.4514	16.065	0	0	6.0631
35.1194	14.5469	0	0	6.11649
35.7205	13.0012	0	0	6.16413
36.2536	11.4307	5.23597e-23	1.1753e-26	6.20605
36.7177	9.83847	5.61591e-22	2.78e-25	6.24232
37.1119	8.2275	1.72504e-21	1.24132e-24	6.27295
37.4354	6.60088	3.37761e-21	3.04064e-24	6.29797
37.6877	4.96168	5.19046e-21	5.39211e-24	6.31741
37.8683	3.31305	6.80272e-21	7.73383e-24	6.33129
37.9767	1.6581	7.81524e-21	9.30553e-24	6.33961
38.0129	2.32762e-15	8.34888e-21	1.01622e-23	6.34238

0	41.6771	0	1.01622e-23	6.34238
1.81793	41.6374	0	1.01622e-23	6.34238
3.63239	41.5185	0	1.01622e-23	6.34238
5.43995	41.3205	0	1.01622e-23	6.34238
7.23714	41.0439	0	1.01622e-23	6.34238
9.02057	40.6891	0	1.01622e-23	6.34238
10.7868	40.2569	0	1.01622e-23	6.34238
12.5325	39.7481	0	1.01622e-23	6.34238
14.2544	39.1636	0	1.01622e-23	6.34238
15.9491	38.5046	0	1.01622e-23	6.34238
17.6135	37.7722	0	1.01622e-23	6.34238
19.2443	36.968	0	1.01622e-23	6.34238
20.8385	36.0934	0	1.01622e-23	6.34238
22.3931	35.1501	0	0	5.70613
23.905	34.1398	0	0	5.70613
25.3714	33.0646	0	0	5.70613
26.7895	31.9265	0	0	5.70613
28.1566	30.7275	0	0	5.70613
29.4701	29.4701	0	0	5.70613
30.7275	28.1566	0	0	5.75136
31.9265	26.7895	0	0	5.85207
33.0646	25.3714	0	0	5.94606
34.1398	23.905	0	0	6.03345
35.1501	22.3931	0	0	6.11439
36.0934	20.8385	0	0	6.18898
36.968	19.2443	0	0	6.25732
37.7722	17.6135	0	0	6.31948
38.5046	15.9491	0	0	6.37554
39.1636	14.2544	0	0	6.42556
39.7481	12.5325	8.38406e-23	2.2017e-26	6.46958
40.2569	10.7868	6.07093e-22	3.08431e-25	6.50765
40.6891	9.02057	1.66765e-21	1.18656e-24	6.53981
41.0439	7.23714	3.10366e-21	2.71634e-24	6.56609
41.3205	5.43995	4.64097e-21	4.64476e-24	6.5865
41.5185	3.63239	5.98964e-21	6.52657e-24	6.60106
41.6374	1.81793	6.90581e-21	7.89049e-24	6.6098
41.6771	2.55198e-15	7.22968e-21	8.3877e-24	6.61271

0	45.6944	0	8.3877e-24	6.61271
1.99316	45.6509	0	8.3877e-24	6.61271
3.98253	45.5205	0	8.3877e-24	6.61271
5.96431	45.3034	0	8.3877e-24	6.61271
7.93474	45.0002	0	8.3877e-24	6.61271
9.89007	44.6112	0	8.3877e-24	6.61271
11.8266	44.1374	0	8.3877e-24	6.61271
13.7406	43.5795	0	8.3877e-24	6.61271
15.6284	42.9387	0	8.3877e-24	6.61271
17.4865	42.2161	0	8.3877e-24	6.61271
19.3113	41.4132	0	8.3877e-24	6.61271
21.0993	40.5314	0	8.3877e-24	6.61271
22.8472	39.5725	0	0	5.70613
24.5516	38.5382	0	0	5.70613
26.2092	37.4306	0	0	5.70613
27.817	36.2518	0	0	5.70613
29.3718	35.0039	0	0	5.70613
30.8707	33.6894	0	0	5.759
32.3108	32.3108	0	0	5.8795
33.6894	30.8707	0	0	5.99252
35.0039	29.3718	0	0	6.09827
36.2518	27.817	0	0	6.19696
37.4306	26.2092	0	0	6.28872
38.5382	24.5516	0	0	6.37369
39.5725	22.8472	0	0	6.452
40.5314	21.0993	0	0	6.52374
41.4132	19.3113	0	0	6.589
42.2161	17.4865	0	0	6.64785
42.9387	15.6284	1.4337e-25	4.50224e-30	6.70035
43.5795	13.7406	1.1805e-22	3.4746e-26	6.74656
44.1374	11.8266	6.39069e-22	3.30279e-25	6.78652
44.6112	9.89007	1.59658e-21	1.11962e-24	6.82028
45.0002	7.93474	2.83972e-21	2.41278e-24	6.84786
45.3034	5.96431	4.14143e-21	3.99042e-24	6.86928
45.5205	3.98253	5.2691e-21	5.50131e-24	6.88457
45.6509	1.99316	6.02977e-21	6.58494e-24	6.89374
45.6944	2.79797e-15	6.2978e-21	6.97809e-24	6.8968

0	50.0989	0	6.97809e-24	6.8968
2.18528	50.0512	0	6.97809e-24	6.8968
4.36641	49.9083	0	6.97809e-24	6.8968
6.53922	49.6703	0	6.97809e-24	6.8968
8.69959	49.3378	0	6.97809e-24	6.8968
10.8434	48.9114	0	6.97809e-24	6.8968
12.9666	48.3918	0	6.97809e-24	6.8968
15.065	47.7802	0	6.97809e-24	6.8968
17.1348	47.0776	0	6.97809e-24	6.8968
19.172	46.2854	0	6.97809e-24	6.8968
21.1727	45.405	0	6.97809e-24	6.8968
23.1331	44.4383	0	0	5.70613
25.0495	43.3869	0	0	5.70613
26.9181	42.253	0	0	5.70613
28.7356	41.0386	0	0	5.70613
30.4983	39.7461	0	0	5.72316
32.203	38.378	0	0	5.86627
33.8463	36.9368	0	0	6.00092
35.4253	35.4253	0	0	6.12745
36.9368	33.8463	0	0	6.24611
38.378	32.203	0	0	6.35714
39.7461	30.4983	0	0	6.46073
41.0386	28.7356	0	0	6.55706
42.253	26.9181	0	0	6.64625
43.3869	25.0495	0	0	6.72844
44.4383	23.1331	0	0	6.80374
45.405	21.1727	0	0	6.87223
46.2854	19.172	0	0	6.93399
47.0776	17.1348	2.55316e-24	2.09374e-28	6.98909
47.7802	15.065	1.5235e-22	4.88213e-26	7.03759
48.3918	12.9666	6.59313e-22	3.44303e-25	7.07953
48.9114	10.8434	1.51755e-21	1.04635e-24	7.11495
49.3378	8.69959	2.59097e-21	2.13518e-24	7.14389
49.6703	6.53922	3.69246e-21	3.42431e-24	7.16638
49.9083	4.36641	4.63553e-21	4.63749e-24	7.18242
50.0512	2.18528	5.26749e-21	5.49907e-24	7.19204
50.0989	3.06767e-15	5.4895e-21	5.81026e-24	7.19525

0	54.928	0	5.81026e-24	7.19525
2.39593	54.8757	0	5.81026e-24	7.19525
4.78729	54.719	0	5.81026e-24	7.19525
7.16955	54.4581	0	5.81026e-24	7.19525
9.53815	54.0935	0	5.81026e-24	7.19525
11.8886	53.626	0	5.81026e-24	7.19525
14.2164	53.0564	0	5.81026e-24	7.19525
16.5172	52.3858	0	5.81026e-24	7.19525
18.7865	51.6155	0	5.81026e-24	7.19525
21.02	50.7469	0	5.81026e-24	7.19525
23.2136	49.7817	0	0	5.70613
25.3629	48.7218	0	0	5.70613
27.464	47.5691	0	0	5.70613
29.5128	46.3258	0	0	5.70613
31.5054	44.9944	0	0	5.80409
33.4381	43.5773	0	0	5.96366
35.3071	42.0773	0	0	6.11393
37.1088	40.4972	0	0	6.25531
38.84	38.84	0	0	6.38813
40.4972	37.1088	0	0	6.51269
42.0773	35.3071	0	0	6.62923
43.5773	33.4381	0	0	6.73796
44.9944	31.5054	0	0	6.83905
46.3258	29.5128	0	0	6.93266
47.5691	27.464	0	0	7.01891
48.7218	25.3629	0	0	7.09792
49.7817	23.2136	0	0	7.16979
50.7469	21.02	0	0	7.2346
51.6155	18.7865	9.17423e-24	1.15233e-27	7.29241
52.3858	16.5172	1.8507e-22	6.32798e-26	7.3433
53.0564	14.2164	6.69817e-22	3.51636e-25	7.3873
53.626	11.8886	1.43494e-21	9.71093e-25	7.42447
54.0935	9.53815	2.36034e-21	1.8856e-24	7.45484
54.4581	7.16955	3.29237e-21	2.93875e-24	7.47843
54.719	4.78729	4.08169e-21	3.91386e-24	7.49526
54.8757	2.39593	4.60732e-21	4.5999e-24	7.50536
54.928	3.36337e-15	4.79145e-21	4.84664e-24	7.50872

0	60.2226	0	4.84664e-24	7.50872
2.62687	60.1653	0	4.84664e-24	7.50872
5.24875	59.9935	0	4.84664e-24	7.50872
7.86063	59.7074	0	4.84664e-24	7.50872
10.4575	59.3077	0	4.84664e-24	7.50872
13.0346	58.7951	0	4.84664e-24	7.50872
15.5868	58.1706	0	4.84664e-24	7.50872
18.1093	57.4353	0	4.84664e-24	7.50872
20.5974	56.5908	0	4.84664e-24	7.50872
23.0462	55.6384	0	0	5.70613
25.4512	54.5802	0	0	5.70613
27.8077	53.4181	0	0	5.70613
30.1113	52.1543	0	0	5.70613
32.3576	50.7912	0	0	5.87117
34.5423	49.3315	0	0	6.04901
36.6612	47.7778	0	0	6.21654
38.7104	46.1332	0	0	6.3743
40.6858	44.4008	0	0	6.5227
42.5838	42.5838	0	0	6.66211
44.4008	40.6858	0	0	6.79284
46.1332	38.7104	0	0	6.91514
47.7778	36.6612	0	0	7.02923
49.3315	34.5423	0	0	7.13531
50.7912	32.3576	0	0	7.23352
52.1543	30.1113	0	0	7.32402
53.4181	27.8077	0	0	7.40692
54.5802	25.4512	0	0	7.48232
55.6384	23.0462	0	0	7.55031
56.5908	20.5974	2.013e-23	3.28556e-27	7.61097
57.4353	18.1093	2.15173e-22	7.73632e-26	7.66435
58.1706	15.5868	6.72523e-22	3.53531e-25	7.71052
58.7951	13.0346	1.35194e-21	8.96936e-25	7.74951
59.3077	10.4575	2.14913e-21	1.66406e-24	7.78136
59.7074	7.86063	2.93825e-21	2.52505e-24	7.80611
59.9935	5.24875	3.59968e-21	3.31006e-24	7.82377
60.1653	2.62687	4.03753e-21	3.8575e-24	7.83436
60.2226	3.68757e-15	4.1905e-21	4.05358e-24	7.83789

0	66.0276	0	4.05358e-24	7.83789
2.88008	65.9647	0	4.05358e-24	7.83789
5.75468	65.7763	0	4.05358e-24	7.83789
8.61833	65.4627	0	4.05358e-24	7.83789
11.4656	65.0245	0	4.05358e-24	7.83789
14.291	64.4625	0	4.05358e-24	7.83789
17.0892	63.7777	0	4.05358e-24	7.83789
19.8549	62.9716	0	4.05358e-24	7.83789
22.5828	62.0456	0	0	5.70613
25.2677	61.0015	0	0	5.70613
27.9045	59.8413	0	0	5.70613
30.4881	58.5672	0	0	5.71101
33.0138	57.1816	0	0	5.92156
35.4766	55.6871	0	0	6.11978
37.8719	54.0866	0	0	6.30649
40.195	52.3832	0	0	6.48236
42.4417	50.5801	0	0	6.64794
44.6076	48.6806	0	0	6.80369
46.6885	46.6885	0	0	6.94999
48.6806	44.6076	0	0	7.08716
50.5801	42.4417	0	0	7.21548
52.3832	40.195	0	0	7.33519
54.0866	37.8719	0	0	7.44647
55.6871	35.4766	0	0	7.54951
57.1816	33.0138	0	0	7.64445
58.5672	30.4881	0	0	7.73141
59.8413	27.9045	0	0	7.8105
61.0015	25.2677	0	0	7.88182
62.0456	22.5828	3.48034e-23	6.81785e-27	7.94544
62.9716	19.8549	2.42121e-22	9.05443e-26	8.00144
63.7777	17.0892	6.69197e-22	3.51201e-25	8.04986
64.4625	14.291	1.27083e-21	8.25914e-25	8.09076
65.0245	11.4656	1.95748e-21	1.4692e-24	8.12417
65.4627	8.61833	2.62632e-21	2.17411e-24	8.15013
65.7763	5.75468	3.18147e-21	2.80752e-24	8.16865
65.9647	2.88008	3.54678e-21	3.24536e-24	8.17976
66.0276	4.04302e-15	3.67425e-21	3.40181e-24	8.18346

0	72.3921	0	3.40181e-24	8.18346
3.1577	72.3232	0	3.40181e-24	8.18346
6.30938	72.1166	0	3.40181e-24	8.18346
9.44906	71.7727	0	3.40181e-24	8.18346
12.5708	71.2923	0	3.40181e-24	8.18346
15.6685	70.6761	0	3.40181e-24	8.18346
18.7364	69.9254	0	3.40181e-24	8.18346
21.7687	69.0415	0	3.40181e-24	8.18346
24.7595	68.0263	0	0	5.70613
27.7032	66.8816	0	0	5.70613
30.5942	65.6095	0	0	5.71675
33.4269	64.2126	0	0	5.95191
36.196	62.6934	0	0	6.17301
38.8962	61.0549	0	0	6.38111
41.5224	59.3001	0	0	6.5771
44.0695	57.4325	0	0	6.76169
46.5327	55.4555	0	0	6.93545
48.9074	53.373	0	0	7.09888
51.1889	51.1889	0	0	7.25238
53.373	48.9074	0	0	7.39629
55.4555	46.5327	0	0	7.53091
57.4325	44.0695	0	0	7.65648
59.3001	41.5224	0	0	7.77322
61.0549	38.8962	0	0	7.88129
62.6934	36.196	0	0	7.98087
64.2126	33.4269	0	0	8.07208
65.6095	30.5942	0	0	8.15504
66.8816	27.7032	2.03486e-25	7.1812e-30	8.22984
68.0263	24.7595	5.19376e-23	1.16268e-26	8.29656
69.0415	21.7687	2.65733e-22	1.02505e-25	8.35529
69.9254	18.7364	6.61365e-22	3.45732e-25	8.40607
70.6761	15.6685	1.19314e-21	7.59287e-25	8.44896
71.2923	12.5708	1.78483e-21	1.29902e-24	8.484
71.7727	9.44906	2.35254e-21	1.8773e-24	8.51123
72.1166	6.30938	2.81941e-21	2.3898e-24	8.53065
72.3232	3.1577	3.12509e-21	2.74137e-24	8.5423
72.3921	4.43274e-15	3.23133e-21	2.86633e-24	8.54618

0	79.3701	0	2.86633e-24	8.54618
3.46207	79.2945	0	2.86633e-24	8.54618
6.91756	79.068	0	2.86633e-24	8.54618
10.3599	78.691	0	2.86633e-24	8.54618
13.7825	78.1642	0	2.86633e-24	8.54618
17.1788	77.4887	0	2.86633e-24	8.54618
20.5425	76.6656	0	2.86633e-24	8.54618
23.867	75.6966	0	0	5.70613
27.1462	74.5835	0	0	5.70613
30.3736	73.3284	0	0	5.70613
33.5432	71.9337	0	0	5.95825
36.649	70.4021	0	0	6.20519
39.685	68.7365	0	0	6.4373
42.6455	66.94	0	0	6.65574
45.5248	65.0161	0	0	6.86143
48.3174	62.9685	0	0	7.05512
51.0181	60.801	0	0	7.23744
53.6216	58.5177	0	0	7.4089
56.1231	56.1231	0	0	7.56993
58.5177	53.6216	0	0	7.72089
60.801	51.0181	0	0	7.8621
62.9685	48.3174	0	0	7.99381
65.0161	45.5248	0	0	8.11624
66.94	42.6455	0	0	8.22959
68.7365	39.685	0	0	8.33402
70.4021	36.649	0	0	8.42967
71.9337	33.5432	0	0	8.51667
73.3284	30.3736	2.11014e-24	1.62393e-28	8.59511
74.5835	27.1462	7.08441e-23	1.75883e-26	8.66508
75.6966	23.867	2.86063e-22	1.13093e-25	8.72666
76.6656	20.5425	6.50304e-22	3.38044e-25	8.77991
77.4887	17.1788	1.1198e-21	6.97708e-25	8.82489
78.1642	13.7825	1.63012e-21	1.15109e-24	8.86163
78.691	10.3599	2.11284e-21	1.6267e-24	8.89018
79.068	6.91756	2.50635e-21	2.04271e-24	8.91055
79.2945	3.46207	2.76267e-21	2.32589e-24	8.92276
79.3701	4.86001e-15	2.85155e-21	2.42619e-24	8.92683

0	87.0207	0	2.42619e-24	8.92683
3.79579	86.9378	0	2.42619e-24	8.92683
7.58435	86.6895	0	2.42619e-24	8.92683
11.3585	86.2762	0	2.42619e-24	8.92683
15.111	85.6986	0	2.42619e-24	8.92683
18.8347	84.9579	0	2.42619e-24	8.92683
22.5226	84.0555	0	0	5.70613
26.1676	82.9931	0	0	5.70613
29.7628	81.7727	0	0	5.70613
33.3014	80.3966	0	0	5.9357
36.7765	78.8675	0	0	6.21212
40.1817	77.1883	0	0	6.47137
43.5103	75.3621	0	0	6.71501
46.7562	73.3925	0	0	6.94425
49.913	71.2831	0	0	7.16009
52.9748	69.0381	0	0	7.36331
55.9358	66.6617	0	0	7.55457
58.7903	64.1584	0	0	7.73443
61.5329	61.5329	0	0	7.90334
64.1584	58.7903	0	0	8.06167
66.6617	55.9358	0	0	8.20977
69.0381	52.9748	0	0	8.34789
71.2831	49.913	0	0	8.47628
73.3925	46.7562	0	0	8.59515
75.3621	43.5103	0	0	8.70466
77.1883	40.1817	0	0	8.80495
78.8675	36.7765	0	0	8.89617
80.3966	33.3014	6.82267e-24	7.76409e-28	8.97842
81.7727	29.7628	9.05932e-23	2.44125e-26	9.05179
82.9931	26.1676	3.03315e-22	1.22277e-25	9.11635
84.0555	22.5226	6.3705e-22	3.28889e-25	9.17219
84.9579	18.8347	1.05135e-21	6.41428e-25	9.21935
85.6986	15.111	1.49202e-21	1.02294e-24	9.25787
86.2762	11.3585	1.90333e-21	1.41526e-24	9.2878
86.6895	7.58435	2.23583e-21	1.75416e-24	9.30915
86.9378	3.79579	2.45134e-21	1.98315e-24	9.32196
87.0207	5.32848e-15	2.52589e-21	2.06397e-24	9.32623

0	95.4087	0	2.06397e-24	9.32623
4.16167	95.3179	0	2.06397e-24	9.32623
8.31542	95.0456	0	2.06397e-24	9.32623
12.4533	94.5925	0	2.06397e-24	9.32623
16.5675	93.9592	0	2.06397e-24	9.32623
20.6502	93.1471	0	2.06397e-24	9.32623
24.6936	92.1577	0	0	5.70613
28.69	90.9929	0	0	5.70613
32.6317	89.6549	0	0	5.8783
36.5113	88.1461	0	0	6.18871
40.3215	86.4697	0	0	6.47892
44.0548	84.6286	0	0	6.75105
47.7044	82.6264	0	0	7.00674
51.2631	80.4669	0	0	7.24728
54.7242	78.1542	0	0	7.47372
58.0811	75.6928	0	0	7.6869
61.3275	73.0873	0	0	7.88753
64.4572	70.3427	0	0	8.07617
67.4641	67.4641	0	0	8.25331
70.3427	64.4572	0	0	8.41936
73.0873	61.3275	0	0	8.57465
75.6928	58.0811	0	0	8.71949
78.1542	54.7242	0	0	8.85412
80.4669	51.2631	0	0	8.97875
82.6264	47.7044	0	0	9.09357
84.6286	44.0548	0	0	9.19873
86.4697	40.3215	0	0	9.29436
88.1461	36.5113	1.45343e-23	2.12818e-27	9.38059
89.6549	32.6317	1.10499e-22	3.18149e-26	9.45751
90.9929	28.69	3.17769e-22	1.30107e-25	9.5252
92.1577	24.6936	6.22426e-22	3.18861e-25	9.58374
93.1471	20.6502	9.88003e-22	5.90422e-25	9.63318
93.9592	16.5675	1.36911e-21	9.1216e-25	9.67356
94.5925	12.4533	1.72037e-21	1.23684e-24	9.70494
95.0456	8.31542	2.00207e-21	1.51399e-24	9.72733
95.3179	4.16167	2.18378e-21	1.69992e-24	9.74075
95.4087	5.8421e-15	2.2465e-21	1.76533e-24	9.74522

0	104.605	0	1.76533e-24	9.74522
4.56282	104.506	0	1.76533e-24	9.74522
9.11695	104.207	0	1.76533e-24	9.74522
13.6537	103.71	0	1.76533e-24	9.74522
18.1645	103.016	0	1.76533e-24	9.74522
22.6407	102.126	0	0	5.70613
27.0738	101.041	0	0	5.70613
31.4554	99.7638	0	0	5.77847
35.7771	98.2968	0	0	6.12868
40.0307	96.6427	0	0	6.45461
44.2081	94.8046	0	0	6.75924
48.3013	92.786	0	0	7.04483
52.3026	90.5908	0	0	7.31311
56.2044	88.2232	0	0	7.56547
59.9991	85.6876	0	0	7.803
63.6797	82.989	0	0	8.02661
67.239	80.1323	0	0	8.23702
70.6703	77.1231	0	0	8.43485
73.9671	73.9671	0	0	8.6206
77.1231	70.6703	0	0	8.79472
80.1323	67.239	0	0	8.95755
82.989	63.6797	0	0	9.10941
85.6876	59.9991	0	0	9.25056
88.2232	56.2044	0	0	9.38122
90.5908	52.3026	0	0	9.50159
92.786	48.3013	0	0	9.61184
94.8046	44.2081	9.14653e-26	2.47263e-30	9.7121
96.6427	40.0307	2.49694e-23	4.37888e-27	9.80249
98.2968	35.7771	1.30112e-22	3.95588e-26	9.88312
99.7638	31.4554	3.2974e-22	1.36683e-25	9.95408
101.041	27.0738	6.07071e-22	3.08416e-25	10.0154
102.126	22.6407	9.29765e-22	5.4448e-25	10.0673
103.016	18.1645	1.25994e-21	8.16491e-25	10.1096
103.71	13.6537	1.56064e-21	1.08615e-24	10.1425
104.207	9.11695	1.79997e-21	1.31373e-24	10.166
104.506	4.56282	1.95365e-21	1.46537e-24	10.18
104.605	6.40523e-15	2.00658e-21	1.51854e-24	10.1847

0	114.688	0	1.51854e-24	10.1847
5.00264	114.579	0	1.51854e-24	10.1847
9.99575	114.252	0	1.51854e-24	10.1847
14.9698	113.707	0	1.51854e-24	10.1847
19.9154	112.946	0	1.51854e-24	10.1847
24.8231	111.97	0	0	5.70613
29.6835	110.78	0	0	5.70613
34.4875	109.38	0	0	6.02406
39.2257	107.772	0	0	6.39181
43.8893	105.958	0	0	6.73396
48.4694	103.943	0	0	7.05367
52.9572	101.73	0	0	7.35333
57.3442	99.323	0	0	7.63479
61.622	96.7272	0	0	7.8995
65.7825	93.9472	0	0	8.14864
69.8178	90.9884	0	0	8.38315
73.7203	87.8564	0	0	8.6038
77.4823	84.5571	0	0	8.81124
81.0969	81.0969	0	0	9.00601
84.5571	77.4823	0	0	9.18856
87.8564	73.7203	0	0	9.35927
90.9884	69.8178	0	0	9.51848
93.9472	65.7825	0	0	9.66645
96.7272	61.622	0	0	9.80343
99.323	57.3442	0	0	9.92961
101.73	52.9572	0	0	10.0452
103.943	48.4694	1.34241e-24	8.88511e-29	10.1503
105.958	43.8893	3.76441e-23	7.56974e-27	10.245
107.772	39.2257	1.49023e-22	4.74048e-26	10.3295
109.38	34.4875	3.39549e-22	1.42131e-25	10.4039
110.78	29.6835	5.91466e-22	2.97891e-25	10.4682
111.97	24.8231	8.76493e-22	5.03287e-25	10.5226
112.946	19.9154	1.16309e-21	7.33899e-25	10.5669
113.707	14.9698	1.42099e-21	9.58529e-25	10.6014
114.252	9.99575	1.62511e-21	1.14637e-24	10.626
114.579	5.00264	1.75548e-21	1.27061e-24	10.6407
114.688	7.02264e-15	1.80029e-21	1.31404e-24	10.6457

0	125.743	0	1.31404e-24	10.6457
5.48485	125.624	0	1.31404e-24	10.6457
10.9593	125.265	0	1.31404e-24	10.6457
16.4128	124.668	0	1.31404e-24	10.6457
21.8351	123.833	0	1.31404e-24	10.6457
27.2158	122.763	0	0	5.70613
32.5448	121.459	0	0	5.86451
37.8118	119.924	0	0	6.28217
43.0068	118.16	0	0	6.66826
48.1199	116.172	0	0	7.02737
53.1414	113.962	0	0	7.36284
58.0618	111.536	0	0	7.67723
62.8717	108.897	0	0	7.97247
67.5618	106.051	0	0	8.25011
72.1234	103.003	0	0	8.51138
76.5477	99.7589	0	0	8.75729
80.8263	96.325	0	0	8.98865
84.951	92.7077	0	0	9.20614
88.914	88.914	0	0	9.41034
92.7077	84.951	0	0	9.60172
96.325	80.8263	0	0	9.78068
99.7589	76.5477	0	0	9.94757
103.003	72.1234	0	0	10.1027
106.051	67.5618	0	0	10.2463
108.897	62.8717	0	0	10.3785
111.536	58.0618	0	0	10.4997
113.962	53.1414	4.80754e-24	4.86834e-28	10.6098
116.172	48.1199	5.20153e-23	1.165e-26	10.7091
118.16	43.0068	1.6701e-22	5.51834e-26	10.7977
119.924	37.8118	3.47501e-22	1.46586e-25	10.8757
121.459	32.5448	5.7598e-22	2.87538e-25	10.9431
122.763	27.2158	8.27952e-22	4.66471e-25	11
123.833	21.8351	1.07723e-21	6.6257e-25	11.0465
124.668	16.4128	1.29934e-21	8.50712e-25	11.0826
125.265	10.9593	1.47389e-21	1.0064e-24	11.1084
125.624	5.48485	1.58458e-21	1.10842e-24	11.1239
125.743	7.69956e-15	1.62264e-21	1.14406e-24	11.129

0	137.864	0	1.14406e-24	11.129
6.01354	137.733	0	1.14406e-24	11.129
12.0156	137.339	0	1.14406e-24	11.129
17.9949	136.684	0	1.14406e-24	11.129
23.9398	135.769	0	0	5.70613
29.8392	134.596	0	0	5.70613
35.6818	133.166	0	0	6.11481
41.4565	131.483	0	0	6.55337
47.1522	129.55	0	0	6.95863
52.7582	127.37	0	0	7.33547
58.2638	124.947	0	0	7.68744
63.6585	122.287	0	0	8.01722
68.932	119.394	0	0	8.32687
74.0742	116.273	0	0	8.61803
79.0755	112.932	0	0	8.892
83.9262	109.375	0	0	9.14984
88.6172	105.61	0	0	9.3924
93.1395	101.644	0	0	9.62041
97.4845	97.4845	0	0	9.83448
101.644	93.1395	0	0	10.0351
105.61	88.6172	0	0	10.2227
109.375	83.9262	0	0	10.3976
112.932	79.0755	0	0	10.5602
116.273	74.0742	0	0	10.7107
119.394	68.932	0	0	10.8493
122.287	63.6585	5.63656e-28	2.79364e-33	10.9763
124.947	58.2638	1.08249e-23	1.43676e-27	11.0917
127.37	52.7582	6.75592e-23	1.65094e-26	11.1958
129.55	47.1522	1.83929e-22	6.27605e-26	11.2886
131.483	41.4565	3.53879e-22	1.50184e-25	11.3703
133.166	35.6818	5.60865e-22	2.77521e-25	11.441
134.596	29.8392	7.83852e-22	4.33641e-25	11.5006
135.769	23.9398	9.98389e-22	5.98712e-25	11.5494
136.684	17.9949	1.1928e-21	7.59002e-25	11.5872
137.339	12.0156	1.3422e-21	8.88332e-25	11.6142
137.733	6.01354	1.43694e-21	9.72899e-25	11.6304
137.864	8.44173e-15	1.46937e-21	1.00229e-24	11.6358

0	151.153	0	1.00229e-24	11.6358
6.59319	151.009	0	1.00229e-24	11.6358
13.1738	150.578	0	1.00229e-24	11.6358
19.7294	149.86	0	1.00229e-24	11.6358
26.2474	148.856	0	0	5.70613
32.7155	147.57	0	0	5.87496
39.1212	146.002	0	0	6.37784
45.4525	144.157	0	0	6.83824
51.6973	142.037	0	0	7.26355
57.8437	139.647	0	0	7.65893
63.88	136.991	0	0	8.02815
69.7946	134.074	0	0	8.37403
75.5764	130.902	0	0	8.69876
81.2144	127.481	0	0	9.00406
86.6977	123.817	0	0	9.29131
92.016	119.918	0	0	9.56163
97.1592	115.79	0	0	9.81592
102.117	111.442	0	0	10.0549
106.881	106.881	0	0	10.2793
111.442	102.117	0	0	10.4896
115.79	97.1592	0	0	10.6862
119.918	92.016	0	0	10.8696
123.817	86.6977	0	0	11.04
127.481	81.2144	0	0	11.1977
130.902	75.5764	0	0	11.3429
134.074	69.7946	4.13839e-25	1.85037e-29	11.476
136.991	63.88	1.9313e-23	3.10898e-27	11.597
139.647	57.8437	8.38099e-23	2.20062e-26	11.706
142.037	51.6973	1.99708e-22	7.00399e-26	11.8033
144.157	45.4525	3.58931e-22	1.5305e-25	11.889
146.002	39.1212	5.46303e-22	2.67956e-25	11.963
147.57	32.7155	7.43874e-22	4.04406e-25	12.0255
148.856	26.2474	9.33749e-22	5.47594e-25	12.0766
149.86	19.7294	1.08075e-21	6.65456e-25	12.1163
150.578	13.1738	1.228e-21	7.89011e-25	12.1446
151.009	6.59319	1.3092e-21	8.59325e-25	12.1615
151.153	9.25544e-15	1.33688e-21	8.83636e-25	12.1672

0	165.723	0	8.83636e-25	12.1672
7.22872	165.565	0	8.83636e-25	12.1672
14.4437	165.092	0	8.83636e-25	12.1672
21.6312	164.305	0	8.83636e-25	12.1672
28.7774	163.205	0	0	5.70613
35.869	161.794	0	0	6.12611
42.8922	160.076	0	0	6.65416
49.8338	158.053	0	0	7.1374
56.6805	155.728	0	0	7.58368
63.4193	153.108	0	0	7.99845
70.0374	150.196	0	0	8.3857
76.5222	146.998	0	0	8.74842
82.8614	143.52	0	0	9.08893
89.0427	139.769	0	0	9.40903
95.0546	135.752	0	0	9.71018
100.886	131.477	0	0	9.99355
106.524	126.951	0	0	10.2601
111.961	122.184	0	0	10.5106
117.184	117.184	0	0	10.7458
122.184	111.961	0	0	10.9662
126.951	106.524	0	0	11.1723
131.477	100.886	0	0	11.3644
135.752	95.0546	0	0	11.543
139.769	89.0427	0	0	11.7083
143.52	82.8614	0	0	11.8605
146.998	76.5222	2.42026e-24	1.9497e-28	11.9999
150.196	70.0374	3.13776e-23	5.93804e-27	12.1267
153.108	63.4193	1.00374e-22	2.79885e-26	12.241
155.728	56.6805	2.14323e-22	7.69562e-26	12.343
158.053	49.8338	3.62885e-22	1.55302e-25	12.4327
160.076	42.8922	5.32416e-22	2.58912e-25	12.5102
161.794	35.869	7.07691e-22	3.78393e-25	12.5758
163.205	28.7774	8.7388e-22	5.01287e-25	12.6293
164.305	21.6312	1.01778e-21	6.14267e-25	12.6708
165.092	14.4437	1.12858e-21	7.0501e-25	12.7005
165.565	7.22872	1.19831e-21	7.63679e-25	12.7183
165.723	1.01476e-14	1.22252e-21	7.84316e-25	12.7242

0	181.697	0	7.84316e-25	12.7242
7.92551	181.524	0	7.84316e-25	12.7242
15.8359	181.006	0	7.84316e-25	12.7242
23.7162	180.143	0	0	5.70613
31.5513	178.937	0	0	5.77589
39.3264	177.39	0	0	6.39002
47.0266	175.506	0	0	6.94437
54.6373	173.287	0	0	7.4515
62.144	170.739	0	0	7.9197
69.5324	167.866	0	0	8.35475
76.7885	164.673	0	0	8.76087
83.8983	161.167	0	0	9.14121
90.8485	157.354	0	0	9.49822
97.6257	153.242	0	0	9.8338
104.217	148.837	0	0	10.1495
110.61	144.15	0	0	10.4465
116.793	139.188	0	0	10.7259
122.753	133.961	0	0	10.9885
128.479	128.479	0	0	11.235
133.961	122.753	0	0	11.4659
139.188	116.793	0	0	11.6819
144.15	110.61	0	0	11.8832
148.837	104.217	0	0	12.0704
153.242	97.6257	0	0	12.2436
157.354	90.8485	1.55219e-28	5.0051e-34	12.4031
161.167	83.8983	6.66287e-24	7.52258e-28	12.5492
164.673	76.7885	4.24028e-23	8.87177e-27	12.682
167.866	69.5324	1.16932e-22	3.43082e-26	12.8018
170.739	62.144	2.27789e-22	8.34694e-26	12.9086
173.287	54.6373	3.65928e-22	1.57041e-25	13.0026
175.506	47.0266	5.19277e-22	2.50428e-25	13.0839
177.39	39.3264	6.7498e-22	3.55254e-25	13.1525
178.937	31.5513	8.20804e-22	4.61109e-25	13.2086
180.143	23.7162	9.46004e-22	5.57197e-25	13.2522
181.006	15.8359	1.04186e-21	6.33721e-25	13.2833
181.524	7.92551	1.10198e-21	6.82937e-25	13.3019
181.697	1.11257e-14	1.12245e-21	6.99906e-25	13.3081

0	199.211	0	6.99906e-25	13.3081
8.68946	199.021	0	6.99906e-25	13.3081
17.3624	198.453	0	6.99906e-25	13.3081
26.0023	197.507	0	0	5.70613
34.5926	196.185	0	0	6.02233
43.1172	194.489	0	0	6.66725
51.5596	192.423	0	0	7.2491
59.9039	189.991	0	0	7.7812
68.1342	187.197	0	0	8.27233
76.2348	184.047	0	0	8.7286
84.1902	180.546	0	0	9.15445
91.9854	176.702	0	0	9.55323
99.6055	172.522	0	0	9.9275
107.036	168.013	0	0	10.2793
114.263	163.184	0	0	10.6102
121.272	158.045	0	0	10.9215
128.05	152.604	0	0	11.2143
134.585	146.874	0	0	11.4895
140.863	140.863	0	0	11.7478
146.874	134.585	0	0	11.9899
152.604	128.05	0	0	12.2161
158.045	121.272	0	0	12.4271
163.184	114.263	0	0	12.6232
168.013	107.036	0	0	12.8047
172.522	99.6055	3.49483e-25	1.47702e-29	12.9719
176.702	91.9854	1.32878e-23	1.88837e-27	13.1249
180.546	84.1902	5.61887e-23	1.29127e-26	13.2641
184.047	76.2348	1.33233e-22	4.08287e-26	13.3896
187.197	68.1342	2.40137e-22	8.95565e-26	13.5015
189.991	59.9039	3.68225e-22	1.58356e-25	13.6
192.423	51.5596	5.06924e-22	2.42516e-25	13.6852
194.489	43.1172	6.4543e-22	3.3467e-25	13.7571
196.185	34.5926	7.73666e-22	4.26144e-25	13.8159
197.507	26.0023	8.82893e-22	5.08193e-25	13.8615
198.453	17.3624	9.66068e-22	5.73009e-25	13.8941
199.021	8.68946	1.01805e-21	6.14486e-25	13.9136
199.211	1.21982e-14	1.03573e-21	6.28753e-25	13.9201

0	218.413	0	6.28753e-25	13.9201
9.52705	218.205	0	6.28753e-25	13.9201
19.036	217.582	0	6.28753e-25	13.9201
28.5087	216.545	0	0	5.70613
37.9271	215.095	0	0	6.2813
47.2733	213.236	0	0	6.9584
56.5295	210.971	0	0	7.56901
65.6781	208.304	0	0	8.12723
74.7017	205.241	0	0	8.64233
83.5831	201.788	0	0	9.12079
92.3054	197.95	0	0	9.56729
100.852	193.735	0	0	9.98536
109.207	189.151	0	0	10.3777
117.353	184.208	0	0	10.7464
125.277	178.914	0	0	11.0932
132.962	173.279	0	0	11.4195
140.393	167.314	0	0	11.7264
147.558	161.031	0	0	12.0148
154.441	154.441	0	0	12.2854
161.031	147.558	0	0	12.5391
167.314	140.393	0	0	12.7762
173.279	132.962	0	0	12.9973
178.914	125.277	0	0	13.2027
184.208	117.353	0	0	13.3929
189.151	109.207	2.163e-24	1.67839e-28	13.568
193.735	100.852	2.21534e-23	3.73313e-27	13.7284
197.95	92.3054	7.09278e-23	1.7616e-26	13.8742
201.788	83.5831	1.48907e-22	4.73556e-26	13.947
205.241	74.7017	2.49185e-22	9.40837e-26	13.947
208.304	65.6781	3.62749e-22	1.55224e-25	13.947
210.971	56.5295	4.80549e-22	2.2584e-25	13.947
213.236	47.2733	5.94287e-22	2.99787e-25	13.947
215.095	37.9271	6.96919e-22	3.70733e-25	13.947
216.545	28.5087	7.82469e-22	4.32621e-25	13.947
217.582	19.036	8.46704e-22	4.8061e-25	13.947
218.205	9.52705	8.86472e-22	5.10941e-25	13.947
218.413	1.3374e-14	8.99945e-22	5.21322e-25	13.947

0	239.466	0	5.21322e-25	13.947
10.4454	239.239	0	5.21322e-25	13.947
20.8709	238.555	0	5.21322e-25	13.947
31.2566	237.418	0	0	5.74783
41.5829	235.828	0	0	6.55335
51.83	233.79	0	0	7.2641
61.9785	231.307	0	0	7.90478
72.0089	228.383	0	0	8.49031
81.9023	225.025	0	0	9.0305
91.6398	221.238	0	0	9.53218
101.203	217.03	0	0	10.0003
110.573	212.409	0	0	10.4385
119.733	207.384	0	0	10.8498
128.665	201.964	0	0	11.2362
137.352	196.159	0	0	11.5997
145.778	189.982	0	0	11.9416
153.926	183.442	0	0	12.2632
161.781	176.553	0	0	12.5654
169.328	169.328	0	0	12.849
176.553	161.781	0	0	13.1148
183.442	153.926	0	0	13.3632
189.982	145.778	0	0	13.5949
196.159	137.352	0	0	13.8101
201.964	128.665	1.72061e-26	2.66518e-31	13.947
207.384	119.733	5.73645e-24	6.16134e-28	13.947
212.409	110.573	2.99888e-23	5.59024e-27	13.947
217.03	101.203	7.61006e-23	1.93495e-26	13.947
221.238	91.6398	1.41122e-22	4.40835e-26	13.947
225.025	81.9023	2.19475e-22	7.94324e-26	13.947
228.383	72.0089	3.04816e-22	1.23084e-25	13.947
231.307	61.9785	3.91105e-22	1.7161e-25	13.947
233.79	51.83	4.72946e-22	2.21089e-25	13.947
235.828	41.5829	5.45821e-22	2.6764e-25	13.947
237.418	31.2566	6.06113e-22	3.07768e-25	13.947
238.555	20.8709	6.5108e-22	3.38582e-25	13.947
239.239	10.4454	6.7881e-22	3.57944e-25	13.947
239.466	1.46631e-14	6.88177e-22	3.64545e-25	13.947

0	262.549	0	3.64545e-25	13.947
11.4522	262.299	0	3.64545e-25	13.947
22.8827	261.55	0	0	5.70613
34.2695	260.303	0	0	5.99317
45.5912	258.56	0	0	6.83908
56.826	256.326	0	0	7.58501
67.9527	253.603	0	0	8.25713
78.95	250.397	0	0	8.87123
89.797	246.715	0	0	9.43767
100.473	242.564	0	0	9.96363
110.958	237.95	0	0	10.4543
121.232	232.884	0	0	10.9137
131.274	227.374	0	0	11.3447
141.067	221.432	0	0	11.7497
150.592	215.068	0	0	12.1306
159.83	208.294	0	0	12.4889
168.763	201.124	0	0	12.8259
177.376	193.571	0	0	13.1425
185.65	185.65	0	0	13.4397
193.571	177.376	0	0	13.7181
201.124	168.763	0	0	13.947
208.294	159.83	0	0	13.947
215.068	150.592	0	0	13.947
221.432	141.067	2.26409e-25	8.27958e-30	13.947
227.374	131.274	6.68566e-24	7.55689e-28	13.947
232.884	121.232	2.64426e-23	4.72669e-27	13.947
237.95	110.958	6.02349e-23	1.41671e-26	13.947
242.564	100.473	1.05542e-22	2.99263e-26	13.947
246.715	89.797	1.58571e-22	5.14972e-26	13.947
250.397	78.95	2.15285e-22	7.74168e-26	13.947
253.603	67.9527	2.71869e-22	1.05673e-25	13.947
256.326	56.826	3.2513e-22	1.34141e-25	13.947
258.56	45.5912	3.72225e-22	1.60654e-25	13.947
260.303	34.2695	4.11013e-22	1.83355e-25	13.947
261.55	22.8827	4.39853e-22	2.00706e-25	13.947
262.299	11.4522	4.57602e-22	2.11577e-25	13.947
262.549	1.60765e-14	4.63591e-22	2.15277e-25	13.947

0	287.856	0	2.15277e-25	13.947
12.5561	287.582	0	2.15277e-25	13.947
25.0883	286.761	0	0	5.70613
37.5728	285.394	0	0	6.25099
49.9858	283.483	0	0	7.13911
62.3035	281.033	0	0	7.92182
74.5027	278.048	0	0	8.62683
86.5601	274.534	0	0	9.27081
98.4527	270.497	0	0	9.8647
110.158	265.945	0	0	10.4161
121.653	260.887	0	0	10.9304
132.917	255.332	0	0	11.4119
143.928	249.291	0	0	11.8636
154.665	242.776	0	0	12.288
165.108	235.798	0	0	12.6871
175.236	228.372	0	0	13.0626
185.031	220.511	0	0	13.4157
194.473	212.23	0	0	13.7474
203.545	203.545	0	0	13.947
212.23	194.473	0	0	13.947
220.511	185.031	0	0	13.947
228.372	175.236	0	0	13.947
235.798	165.108	0	0	13.947
242.776	154.665	1.52827e-25	4.90249e-30	13.947
249.291	143.928	4.05643e-24	3.8816e-28	13.947
255.332	132.917	1.57397e-23	2.36672e-27	13.947
260.887	121.653	3.55709e-23	7.01904e-27	13.947
265.945	110.158	6.20594e-23	1.47422e-26	13.947
270.497	98.4527	9.29944e-23	2.5279e-26	13.947
274.534	86.5601	1.26031e-22	3.79131e-26	13.947
278.048	74.5027	1.59334e-22	5.18276e-26	13.947
281.033	62.3035	1.89935e-22	6.55077e-26	13.947
283.483	49.9858	2.17311e-22	7.83899e-26	13.947
285.394	37.5728	2.39849e-22	8.94133e-26	13.947
286.761	25.0883	2.56601e-22	9.78354e-26	13.947
287.582	12.5561	2.66913e-22	1.03112e-25	13.947
287.856	1.76261e-14	2.70392e-22	1.04908e-25	13.947

0	315.603	0	1.04908e-25	13.947
13.7664	315.303	0	1.04908e-25	13.947
27.5066	314.402	0	0	5.70613
41.1945	312.903	0	0	6.52182
54.804	310.809	0	0	7.45407
68.3091	308.122	0	0	8.27525
81.6842	304.849	0	0	9.01465
94.9038	300.996	0	0	9.6899
107.943	296.57	0	0	10.3125
120.776	291.58	0	0	10.8905
133.38	286.034	0	0	11.4296
145.729	279.944	0	0	11.9341
157.802	273.321	0	0	12.4075
169.574	266.177	0	0	12.8522
181.023	258.527	0	0	13.2705
192.127	250.385	0	0	13.6639
202.866	241.766	0	0	13.947
213.219	232.687	0	0	13.947
223.165	223.165	0	0	13.947
232.687	213.219	0	0	13.947
241.766	202.866	0	0	13.947
250.385	192.127	0	0	13.947
258.527	181.023	0	0	13.947
266.177	169.574	2.61421e-27	2.16075e-32	13.947
273.321	157.802	1.06044e-24	6.48831e-29	13.947
279.944	145.729	5.61962e-24	5.99461e-28	13.947
286.034	133.38	1.43312e-23	2.08863e-27	13.947
291.58	120.776	2.66438e-23	4.77469e-27	13.947
296.57	107.943	4.14983e-23	8.62034e-27	13.947
300.996	94.9038	5.7696e-23	1.33766e-26	13.947
304.849	81.6842	7.40808e-23	1.86678e-26	13.947
308.122	68.3091	8.96277e-23	2.40662e-26	13.947
310.809	54.804	1.03475e-22	2.91474e-26	13.947
312.903	41.1945	1.14934e-22	3.35287e-26	13.947
314.402	27.5066	1.23482e-22	3.6894e-26	13.947
315.303	13.7664	1.28754e-22	3.90089e-26	13.947
315.603	1.93251e-14	1.30534e-22	3.97299e-26	13.947

0	346.025	0	3.97299e-26	13.947
15.0934	345.696	0	3.97299e-26	13.947
30.1581	344.708	0	0	5.70613
45.1653	343.065	0	0	6.80627
60.0866	340.768	0	0	7.78465
74.8935	337.823	0	0	8.64606
89.5578	334.234	0	0	9.42144
104.052	330.01	0	0	10.1294
118.347	325.157	0	0	10.782
132.418	319.685	0	0	11.3878
146.236	313.605	0	0	11.9528
159.777	306.928	0	0	12.4816
173.012	299.666	0	0	12.9776
185.919	291.834	0	0	13.4436
198.472	283.447	0	0	13.8818
210.647	274.52	0	0	13.947
222.421	265.07	0	0	13.947
233.771	255.116	0	0	13.947
244.677	244.677	0	0	13.947
255.116	233.771	0	0	13.947
265.07	222.421	0	0	13.947
274.52	210.647	0	0	13.947
283.447	198.472	0	0	13.947
291.834	185.919	0	0	13.947
299.666	173.012	1.31634e-26	1.86484e-31	13.947
306.928	159.777	6.44433e-25	3.33981e-29	13.947
313.605	146.236	2.79454e-24	2.36173e-28	13.947
319.685	132.418	6.56616e-24	7.37735e-28	13.947
325.157	118.347	1.16674e-23	1.58775e-27	13.947
330.01	104.052	1.76269e-23	2.75245e-27	13.947
334.234	89.5578	2.3934e-23	4.13845e-27	13.947
337.823	74.8935	3.01074e-23	5.61972e-27	13.947
340.768	60.0866	3.57279e-23	7.06038e-27	13.947
343.065	45.1653	4.04509e-23	8.33147e-27	13.947
344.708	30.1581	4.40111e-23	9.32325e-27	13.947
345.696	15.0934	4.62212e-23	9.95268e-27	13.947
346.025	2.11879e-14	4.69702e-23	1.01683e-26	13.947

0	379.379	0	1.01683e-26	13.947
16.5483	379.018	0	1.01683e-26	13.947
33.065	377.935	0	0	5.89279
49.5189	376.133	0	0	7.10494
65.8784	373.615	0	0	8.13156
82.1126	370.386	0	0	9.03504
98.1904	366.452	0	0	9.84806
114.081	361.82	0	0	10.5902
129.755	356.499	0	0	11.2743
145.182	350.5	0	0	11.9092
160.332	343.834	0	0	12.5013
175.178	336.513	0	0	13.0554
189.689	328.552	0	0	13.5751
203.84	319.965	0	0	13.947
217.603	310.769	0	0	13.947
230.951	300.981	0	0	13.947
243.86	290.621	0	0	13.947
256.305	279.707	0	0	13.947
268.261	268.261	0	0	13.947
279.707	256.305	0	0	13.947
290.621	243.86	0	0	13.947
300.981	230.951	0	0	13.947
310.769	217.603	0	0	13.947
319.965	203.84	0	0	13.947
328.552	189.689	0	0	13.947
336.513	175.178	0	0	13.947
343.834	160.332	2.22382e-26	3.75219e-31	13.947
350.5	145.182	2.97094e-25	1.18944e-29	13.947
356.499	129.755	9.89002e-25	5.91218e-29	13.947
361.82	114.081	2.07052e-24	1.5834e-28	13.947
366.452	98.1904	3.42227e-24	3.09435e-28	13.947
370.386	82.1126	4.89195e-24	4.98265e-28	13.947
373.615	65.8784	6.3268e-24	7.02096e-28	13.947
376.133	49.5189	7.59094e-24	8.95115e-28	13.947
377.935	33.065	8.63753e-24	1.06334e-27	13.947
379.018	16.5483	9.19674e-24	1.1561e-27	13.947
379.379	2.32302e-14	9.40964e-24	1.19192e-27	13.947

0	415.948	0	1.19192e-27	13.947
18.1434	415.552	0	1.19192e-27	13.947
36.2522	414.365	0	0	6.14584
54.2921	412.389	0	0	7.41847
72.2286	409.628	0	0	8.49554
90.0275	406.088	0	0	9.44303
107.655	401.775	0	0	10.2954
125.078	396.696	0	0	11.0734
142.262	390.863	0	0	11.7904
159.176	384.286	0	0	12.4557
175.787	376.977	0	0	13.0762
192.063	368.95	0	0	13.6567
207.974	360.221	0	0	13.947
223.489	350.807	0	0	13.947
238.578	340.724	0	0	13.947
253.213	329.993	0	0	13.947
267.366	318.634	0	0	13.947
281.01	306.669	0	0	13.947
294.119	294.119	0	0	13.947
306.669	281.01	0	0	13.947
318.634	267.366	0	0	13.947
329.993	253.213	0	0	13.947
340.724	238.578	0	0	13.947
350.807	223.489	0	0	13.947
360.221	207.974	0	0	13.947
368.95	192.063	0	0	13.947
376.977	175.787	0	0	13.947
384.286	159.176	0	0	13.947
390.863	142.262	0	0	13.947
396.696	125.078	0	0	13.947
401.775	107.655	1.27051e-27	8.25636e-33	13.947
406.088	90.0275	1.92082e-26	3.0865e-31	13.947
409.628	72.2286	6.1275e-26	1.44942e-30	13.947
412.389	54.2921	1.18058e-25	3.47494e-30	13.947
414.365	36.2522	1.74054e-25	5.83081e-30	13.947
415.552	18.1434	2.14469e-25	7.7026e-30	13.947
415.948	2.54694e-14	2.29138e-25	8.41293e-30	13.947

0	456.041	0	8.41293e-30	13.947
19.8922	455.607	0	8.41293e-30	13.947
39.7466	454.306	0	0	6.41169
59.5254	452.14	0	0	7.74755
79.1908	449.113	0	0	8.87738
98.7054	445.231	0	0	9.8709
118.032	440.502	0	0	10.7645
137.134	434.934	0	0	11.5799
155.975	428.539	0	0	12.3313
174.52	421.327	0	0	13.0286
192.731	413.314	0	0	13.6787
210.577	404.514	0	0	13.947
228.021	394.943	0	0	13.947
245.031	384.621	0	0	13.947
261.575	373.567	0	0	13.947
277.62	361.802	0	0	13.947
293.138	349.348	0	0	13.947
308.097	336.229	0	0	13.947
322.47	322.47	0	0	13.947
336.229	308.097	0	0	13.947
349.348	293.138	0	0	13.947
361.802	277.62	0	0	13.947
373.567	261.575	0	0	13.947
384.621	245.031	0	0	13.947
394.943	228.021	0	0	13.947
404.514	210.577	0	0	13.947
413.314	192.731	0	0	13.947
421.327	174.52	0	0	13.947
428.539	155.975	0	0	13.947
434.934	137.134	0	0	13.947
440.502	118.032	0	0	13.947
445.231	98.7054	0	0	13.947
449.113	79.1908	0	0	13.947
452.14	59.5254	0	0	13.947
454.306	39.7466	0	0	13.947
455.607	19.8922	0	0	13.947
456.041	2.79245e-14	0	0	13.947

0	500	0	0	13.947
21.8097	499.524	0	0	13.947
43.5779	498.097	0	0	6.69091
65.2631	495.722	0	0	8.09288
86.8241	492.404	0	0	9.27788
108.22	488.148	0	0	10.3196
129.41	482.963	0	0	11.2563
150.353	476.858	0	0	12.1109
171.01	469.846	0	0	12.8983
191.342	461.94	0	0	13.6289
211.309	453.154	0	0	13.947
230.874	443.505	0	0	13.947
250	433.013	0	0	13.947
268.65	421.696	0	0	13.947
286.788	409.576	0	0	13.947
304.381	396.677	0	0	13.947
321.394	383.022	0	0	13.947
337.795	368.639	0	0	13.947
353.553	353.553	0	0	13.947
368.639	337.795	0	0	13.947
383.022	321.394	0	0	13.947
396.677	304.381	0	0	13.947
409.576	286.788	0	0	13.947
421.696	268.65	0	0	13.947
433.013	250	0	0	13.947
443.505	230.874	0	0	13.947
453.154	211.309	0	0	13.947
461.94	191.342	0	0	13.947
469.846	171.01	0	0	13.947
476.858	150.353	0	0	13.947
482.963	129.41	0	0	13.947
488.148	108.22	0	0	13.947
492.404	86.8241	0	0	13.947
495.722	65.2631	0	0	13.947
498.097	43.5779	0	0	13.947
499.524	21.8097	0	0	13.947
500	3.06162e-14	0	0	13.947

