1.000000000000000000e+02 1.000000000000006950e-29
1.122018454301963004e+02 1.000000000000021944e-29
1.258925411794167530e+02 1.000000000000069588e-29
1.412537544622753956e+02 1.000000000000220227e-29
1.584893192461114211e+02 1.000000000000696389e-29
1.778279410038922776e+02 1.000000000002202364e-29
1.995262314968878741e+02 1.000000000006964537e-29
2.238721138568340052e+02 1.000000000022024011e-29
2.511886431509579722e+02 1.000000000069646299e-29
2.818382931264454783e+02 1.000000000220240902e-29
3.162277660168379612e+02 1.000000000696462936e-29
3.548133892335753217e+02 1.000000002202409529e-29
3.981071705534973262e+02 1.000000006964630575e-29
4.466835921509630225e+02 1.000000022024095803e-29
5.011872336272724624e+02 1.000000069646306123e-29
5.623413251903490391e+02 1.000000220240958262e-29
6.309573444801930009e+02 1.000000696463062297e-29
7.079457843841380509e+02 1.000002202409583272e-29
7.943282347242812875e+02 1.000006964630624046e-29
8.912509381337458763e+02 1.000022024095833235e-29
1.000000000000000000e+03 1.000069646306234806e-29
1.122018454301962947e+03 1.000220240958277085e-29
1.258925411794167530e+03 1.000696463061789449e-29
1.412537544622755377e+03 1.002202409577185224e-29
1.584893192461114040e+03 1.006964630562030413e-29
1.778279410038922833e+03 1.022024095213201292e-29
1.995262314968878854e+03 1.069646300033794152e-29
2.238721138568339939e+03 1.220240896266928895e-29
2.511886431509582053e+03 1.696462441687474648e-29
2.818382931264454783e+03 3.202403376176388375e-29
3.162277660168379498e+03 7.964568552320228192e-29
3.548133892335752989e+03 2.302347512806081752e-28
3.981071705534973262e+03 7.064009956062070641e-28
4.466835921509635227e+03 2.211789034929059125e-27
5.011872336272725079e+03 6.968428917801851401e-27
5.623413251903491073e+03 2.197219795008908811e-26
6.309573444801930236e+03 6.904106621577530786e-26
7.079457843841380964e+03 2.142138729460301140e-25
7.943282347242821743e+03 6.394802191386821880e-25
8.912509381337458763e+03 1.718174916122698106e-24
1.000000000000000000e+04 3.682562369795701284e-24
1.011579454259898193e+04 4.243681108622179794e-24
1.023292992280753606e+04 4.884399200098883190e-24
1.035142166679343063e+04 5.614220821098367917e-24
1.047128548050898462e+04 6.443424093381199971e-24
1.059253725177289743e+04 7.383069709290728060e-24
1.071519305237607114e+04 8.445001910125734864e-24
1.083926914021203811e+04 9.641840411831313663e-24
1.096478196143185050e+04 1.098696152858088753e-23
1.109174815262400807e+04 1.249446638586607901e-23
1.122018454301962993e+04 1.417913381158858315e-23
1.135010815672314311e+04 1.605635500256671277e-23
1.148153621496881715e+04 1.814204754292030699e-23
1.161448613840343751e+04 2.045254507677409461e-23
1.174897554939530346e+04 2.300446000982033241e-23
1.188502227437018882e+04 2.581451655637598566e-23
1.202264434617413099e+04 2.889935167779213534e-23
1.216186000646367938e+04 3.227528204006152746e-23
1.230268770812381081e+04 3.595803580789469929e-23
1.244514611771384443e+04 3.996244893501232938e-23
1.258925411794166212e+04 4.430212684180116280e-23
1.273503081016662873e+04 4.898810554865706837e-23
1.288249551693134890e+04 5.402456629595933551e-23
1.303166778452300059e+04 5.940933523611520349e-23
1.318256738556407436e+04 6.513364341228731940e-23
1.333521432163324062e+04 7.118115689711465901e-23
1.348962882591653215e+04 7.752706395393756268e-23
1.364583136588923844e+04 8.413726507083255788e-23
1.380384264602883741e+04 9.096771743022578515e-23
1.396368361055936293e+04 9.796398966912917809e-23
1.412537544622755377e+04 1.050611248763190306e-22
1.428893958511103665e+04 1.121866529328692520e-22
1.445439770745928035e+04 1.192719599004269076e-22
1.462177174456718240e+04 1.262466582145162720e-22
1.479108388168207239e+04 1.330370209983023402e-22
1.496235656094432852e+04 1.395671687699254626e-22
1.513561248436207097e+04 1.457603937417146528e-22
1.531087461682028697e+04 1.515405944304848222e-22
1.548816618912482772e+04 1.568337876867168737e-22
1.566751070108150088e+04 1.615696602478458062e-22
1.584893192461114086e+04 1.656831241977656820e-22
1.603245390690041677e+04 1.691238874821267081e-22
1.621810097358929852e+04 1.718832122678648667e-22
1.640589773199538831e+04 1.739716984861623165e-22
1.659586907437559785e+04 1.754104673317190281e-22
1.678804018122558773e+04 1.762298826074209285e-22
1.698243652461746024e+04 1.764681513814810251e-22
1.717908387157589459e+04 1.761698675476096133e-22
1.737800828749376160e+04 1.753845558521135022e-22
1.757923613958693022e+04 1.741652660384022001e-22
1.778279410038922651e+04 1.725673487170367301e-22
1.798870915128787237e+04 1.706443595387842276e-22
1.819700858609982606e+04 1.684402157714427509e-22
1.840772001468954477e+04 1.659960979529379216e-22
1.862087136662865669e+04 1.633525718789990941e-22
1.883649089489801918e+04 1.605491102866103531e-22
1.905460717963248317e+04 1.576236989432262761e-22
1.927524913190936786e+04 1.546125255202883429e-22
1.949844599758045661e+04 1.515497474655889057e-22
1.972422736114853251e+04 1.484673341491189744e-22
1.995262314968878854e+04 1.453950566920072135e-22
2.018366363681559596e+04 1.423576652990616812e-22
2.041737944669527496e+04 1.393684294096161679e-22
2.065380155810531141e+04 1.364370915477380293e-22
2.089296130854040894e+04 1.335725673343015755e-22
2.113489039836647498e+04 1.307829790918206446e-22
2.137962089502232266e+04 1.280756934226602377e-22
2.162718523727020147e+04 1.254573618840969088e-22
2.187761623949551722e+04 1.229339639701420676e-22
2.213094709605636308e+04 1.205108515593270841e-22
2.238721138568337847e+04 1.181928154360614566e-22
2.264644307593061967e+04 1.159833972555429227e-22
2.290867652767774780e+04 1.138832137634614663e-22
2.317394649968479644e+04 1.118920167226035628e-22
2.344228815319922796e+04 1.100093886503128953e-22
2.371373705661655185e+04 1.082347396683397022e-22
2.398832919019489782e+04 1.065673022598537369e-22
2.426610095082414409e+04 1.050061244207101144e-22
2.454708915685028478e+04 1.035500617887595186e-22
2.483133105295567657e+04 1.021977695053205995e-22
2.511886431509582326e+04 1.009477008309700289e-22
2.540972705549306556e+04 9.979787563620678997e-23
2.570395782768864592e+04 9.874532991485489905e-23
2.600159563165272266e+04 9.778677045523737151e-23
2.630267991895381419e+04 9.691879258034925054e-23
2.660725059798808434e+04 9.613788452606059623e-23
2.691534803926913810e+04 9.544043931809868885e-23
2.722701308077909925e+04 9.482277492236229297e-23
2.754228703338168998e+04 9.428116324360726465e-23
2.786121168629772365e+04 9.381186823168823922e-23
2.818382931264454965e+04 9.341120225227613155e-23
2.851018267503909738e+04 9.307568318858054296e-23
2.884031503126605821e+04 9.280262145198429822e-23
2.917427014001166026e+04 9.258980727174543379e-23
2.951209226666383984e+04 9.243541058314757047e-23
2.985382618917957006e+04 9.233798751916758347e-23
3.019951720402019055e+04 9.229648041536464791e-23
3.054921113215515288e+04 9.231021126149219228e-23
3.090295432513592095e+04 9.237886998796290671e-23
3.126079367123955672e+04 9.250249826905542140e-23
3.162277660168379225e+04 9.268150936723919797e-23
3.198895109691397374e+04 9.291648094205826349e-23
3.235936569296280868e+04 9.320827187191709288e-23
3.273406948788379304e+04 9.355789615403757617e-23
3.311311214825907518e+04 9.396655598277859722e-23
3.349654391578279319e+04 9.443561229882729895e-23
3.388441561392027506e+04 9.496655683370078915e-23
3.427677865464504430e+04 9.556098613675878891e-23
3.467368504525316530e+04 9.622057796680448840e-23
3.507518739525679121e+04 9.694707027536650566e-23
3.548133892335752898e+04 9.774231048481009670e-23
3.589219346450049488e+04 9.860785462026480056e-23
3.630780547701017349e+04 9.954502618912182048e-23
3.672823004980850237e+04 1.005550085495692038e-22
3.715352290971727780e+04 1.016390185315272154e-22
3.758374042884443043e+04 1.027982932056599777e-22
3.801893963205612818e+04 1.040340766226362530e-22
3.845917820453535387e+04 1.053476066283212837e-22
3.890451449942804902e+04 1.067401019133491230e-22
3.935500754557772598e+04 1.082127494533087054e-22
3.981071705534969078e+04 1.097667246659180019e-22
4.027170343254594627e+04 1.114031584579907923e-22
4.073802778041130659e+04 1.131236670989965311e-22
4.120975190973304416e+04 1.149299445533537211e-22
4.168693834703355242e+04 1.168236849566191364e-22
4.216965034285822185e+04 1.188065725666420270e-22
4.265795188015925669e+04 1.208802719983943336e-22
4.315190768277650204e+04 1.230464190931731439e-22
4.365158322401656187e+04 1.253066127030116178e-22
4.415704473533120472e+04 1.276624071865613950e-22
4.466835921509634500e+04 1.301153356305742588e-22
4.518559443749226193e+04 1.326669871377014133e-22
4.570881896148751548e+04 1.353198048911586644e-22
4.623810213992603531e+04 1.380763950280536868e-22
4.677351412871981302e+04 1.409393519647904933e-22
4.731512589614802710e+04 1.439112505979141864e-22
4.786300923226380110e+04 1.469946393044180689e-22
4.841723675840999204e+04 1.501920339360390454e-22
4.897788193684466387e+04 1.535059132375973080e-22
4.954501908047905454e+04 1.569387152523246436e-22
5.011872336272725079e+04 1.604928959138845974e-22
5.069907082747044478e+04 1.641709044838970571e-22
5.128613839913647826e+04 1.679762185360261172e-22
5.188000389289609302e+04 1.719124777875284753e-22
5.248074602497722663e+04 1.759833271126305767e-22
5.308844442309879378e+04 1.801924134594278553e-22
5.370317963702532870e+04 1.845433832567768974e-22
5.432503314924336155e+04 1.890398800984070720e-22
5.495408738576248288e+04 1.936855420679823958e-22
5.559042572704036866e+04 1.984839968602142284e-22
5.623413251903490891e+04 2.034389398717306183e-22
5.688529308438413136e+04 2.085536168564198138e-22
5.754399373371566617e+04 2.138305459616725292e-22
5.821032177708709787e+04 2.192716058615840476e-22
5.888436553555884166e+04 2.248782393357899357e-22
5.956621435290109366e+04 2.306513961032002513e-22
6.025595860743580852e+04 2.365914742049405971e-22
6.095368972401693463e+04 2.426982583148380216e-22
6.165950018614822329e+04 2.489708603826902226e-22
6.237348354824191483e+04 2.554076602018852480e-22
6.309573444801929872e+04 2.620063792809557920e-22
6.382634861905482830e+04 2.687626764147051268e-22
6.456542290346562368e+04 2.756681496855372570e-22
6.531305526474729413e+04 2.827118997083417055e-22
6.606934480075964530e+04 2.898813930419619667e-22
6.683439175686148519e+04 2.971624405022123264e-22
6.760829753919818904e+04 3.045392080804092259e-22
6.839116472814293229e+04 3.119942662668316812e-22
6.918309709189362184e+04 3.195086847034881697e-22
6.998419960022730811e+04 3.270621759394571220e-22
7.079457843841373688e+04 3.346333812677513593e-22
7.161434102129026724e+04 3.421996155144154484e-22
7.244359600749905803e+04 3.497373655947177466e-22
7.328245331389045168e+04 3.572229560181268276e-22
7.413102413009176962e+04 3.646331077887609198e-22
7.498942093324557936e+04 3.719452212403979213e-22
7.585775750291836448e+04 3.791376588502528368e-22
7.673614893618185306e+04 3.861900225105466266e-22
7.762471166286911466e+04 3.930834210318575904e-22
7.852356346100709925e+04 3.998007215500659408e-22
7.943282347242820833e+04 4.063270642706245253e-22
8.035261221856177144e+04 4.126481243921182045e-22
8.128305161640995357e+04 4.187494000044659939e-22
8.222426499470711860e+04 4.246172275735032561e-22
8.317637711026708712e+04 4.302396795802715518e-22
8.413951416451948171e+04 4.356063889882607242e-22
8.511380382023759012e+04 4.407083646040150428e-22
8.609937521846016170e+04 4.455378011446268538e-22
8.709635899560814141e+04 4.500878988575772804e-22
8.810488730080146343e+04 4.543526966211940048e-22
8.912509381337459490e+04 4.583270074394461628e-22
9.015711376059570466e+04 4.620014124990204431e-22
9.120108393559097021e+04 4.653488760931461052e-22
9.225714271547627868e+04 4.683378605570281074e-22
9.332543007969905739e+04 4.709372536662826225e-22
9.440608762859225681e+04 4.731168203879470451e-22
9.549925860214368731e+04 4.748477459869420986e-22
9.660508789898140822e+04 4.761032622168822267e-22
9.772372209558112081e+04 4.768593427490307317e-22
9.885530946569390653e+04 4.770954516256458375e-22
1.000000000000000000e+05 4.767954102565868238e-22
1.011579454259898339e+05 4.759538674916835878e-22
1.023292992280753679e+05 4.745950150900364083e-22
1.035142166679345100e+05 4.727532388896439687e-22
1.047128548050898535e+05 4.704667193916225630e-22
1.059253725177289743e+05 4.677770461361902188e-22
1.071519305237607041e+05 4.647287890548504975e-22
1.083926914021203847e+05 4.613690321304295870e-22
1.096478196143185050e+05 4.577468760345085391e-22
1.109174815262400953e+05 4.539129137673450250e-22
1.122018454301962920e+05 4.499191213139923675e-22
1.135010815672314347e+05 4.458240134668619474e-22
1.148153621496884007e+05 4.417141521772605502e-22
1.161448613840341422e+05 4.376743004419776905e-22
1.174897554939530382e+05 4.337791694617391199e-22
1.188502227437018882e+05 4.300932479895237858e-22
1.202264434617413062e+05 4.266709397342363617e-22
1.216186000646367902e+05 4.235569530494247900e-22
1.230268770812381117e+05 4.207868879518415537e-22
1.244514611771384371e+05 4.183879684266709114e-22
1.258925411794166139e+05 4.163798790975787030e-22
1.273503081016662909e+05 4.147740089245107621e-22
1.288249551693134854e+05 4.135701645215113385e-22
1.303166778452300059e+05 4.127632543201502801e-22
1.318256738556407508e+05 4.123456376219611982e-22
1.333521432163323916e+05 4.123076379267697153e-22
1.348962882591653324e+05 4.126380141941714524e-22
1.364583136588923808e+05 4.133243869220501018e-22
1.380384264602886687e+05 4.143536168443355680e-22
1.396368361055936257e+05 4.157121369812282995e-22
1.412537544622755377e+05 4.173866182205081798e-22
1.428893958511103701e+05 4.193613361941410252e-22
1.445439770745928108e+05 4.216169157564459083e-22
1.462177174456718203e+05 4.241335340866543605e-22
1.479108388168207312e+05 4.268926578253836746e-22
1.496235656094432925e+05 4.298769383227347636e-22
1.513561248436207243e+05 4.330701039626184681e-22
1.531087461682031862e+05 4.364568512849945389e-22
1.548816618912479607e+05 4.400227356964284711e-22
1.566751070108150016e+05 4.437540620945524985e-22
1.584893192461114086e+05 4.476377807989264479e-22
1.603245390690041822e+05 4.516612532671564280e-22
1.621810097358929925e+05 4.558118944305544129e-22
1.640589773199538758e+05 4.600775100771831732e-22
1.659586907437559566e+05 4.644463149256079769e-22
1.678804018122559064e+05 4.689068273873296005e-22
1.698243652461745951e+05 4.734477720720663152e-22
1.717908387157589314e+05 4.780579944263109219e-22
1.737800828749376233e+05 4.827263882448145366e-22
1.757923613958693168e+05 4.874418372399248669e-22
1.778279410038922797e+05 4.921932416583127916e-22
1.798870915128787456e+05 4.969692977420448362e-22
1.819700858609982533e+05 5.017592254764860482e-22
1.840772001468958333e+05 5.065521365238651647e-22
1.862087136662865523e+05 5.113369943459466310e-22
1.883649089489802136e+05 5.161026208776269686e-22
1.905460717963248317e+05 5.208377158033249666e-22
1.927524913190936495e+05 5.255308875306534337e-22
1.949844599758045515e+05 5.301706943252034853e-22
1.972422736114853469e+05 5.347456976188738704e-22
1.995262314968878927e+05 5.392445923890554871e-22
2.018366363681559742e+05 5.436537299447843656e-22
2.041737944669531716e+05 5.479506236942918005e-22
2.065380155810526921e+05 5.521103250634154506e-22
2.089296130854040966e+05 5.561078618444339845e-22
2.113489039836647571e+05 5.599183763634793547e-22
2.137962089502232557e+05 5.635172699106454647e-22
2.162718523727020074e+05 5.668803520841480912e-22
2.187761623949551722e+05 5.699839915905525430e-22
2.213094709605636599e+05 5.728052673891654709e-22
2.238721138568337774e+05 5.753222343329846294e-22
2.264644307593061822e+05 5.775058570839214728e-22
2.290867652767774707e+05 5.792974317052775440e-22
2.317394649968479644e+05 5.806313066934072293e-22
2.344228815319922578e+05 5.814432130662852296e-22
2.371373705661655404e+05 5.816708608018705125e-22
2.398832919019489782e+05 5.812545841840538054e-22
2.426610095082414337e+05 5.801380271041092759e-22
2.454708915685033426e+05 5.782688580431488313e-22
2.483133105295567948e+05 5.755995048327988775e-22
2.511886431509582035e+05 5.720879791452908833e-22
2.540972705549306411e+05 5.676969001980919135e-22
2.570395782768864592e+05 5.623907050088957718e-22
2.600159563165272120e+05 5.561403288691872445e-22
2.630267991895381710e+05 5.489254448016203235e-22
2.660725059798808652e+05 5.407351633550475946e-22
2.691534803926913883e+05 5.315686410547945246e-22
2.722701308077915455e+05 5.214355726740158052e-22
2.754228703338163323e+05 5.103565471762053095e-22
2.786121168629772146e+05 4.983632494803648414e-22
2.818382931264454965e+05 4.854985501321297831e-22
2.851018267503909883e+05 4.718324305487754085e-22
2.884031503126605530e+05 4.575061251690052845e-22
2.917427014001166099e+05 4.426731534692101037e-22
2.951209226666383911e+05 4.274799767356542215e-22
2.985382618917957298e+05 4.120644027360970509e-22
3.019951720402018982e+05 3.965543402271127715e-22
3.054921113215515506e+05 3.810668952433919512e-22
3.090295432513591950e+05 3.657077851299034705e-22
3.126079367123955744e+05 3.505710410311208314e-22
3.162277660168379080e+05 3.357390357541903781e-22
3.198895109691396938e+05 3.212859342436927143e-22
3.235936569296281086e+05 3.072874084473161040e-22
3.273406948788386071e+05 2.938075014542697609e-22
3.311311214825907955e+05 2.808958300996860056e-22
3.349654391578279319e+05 2.685888407014811862e-22
3.388441561392027652e+05 2.569111498638666936e-22
3.427677865464504575e+05 2.458769195138992055e-22
3.467368504525316530e+05 2.354912242690779509e-22
3.507518739525679266e+05 2.257513771394407009e-22
3.548133892335753189e+05 2.166481893575034017e-22
3.589219346450049779e+05 2.081646004844335327e-22
3.630780547701017349e+05 2.002704320784744279e-22
3.672823004980842234e+05 1.929328813649771810e-22
3.715352290971727925e+05 1.861196519020106900e-22
3.758374042884443188e+05 1.797991516001849993e-22
3.801893963205612381e+05 1.739406478761969082e-22
3.845917820453535533e+05 1.685143942617238904e-22
3.890451449942804757e+05 1.634917279379548080e-22
3.935500754557772307e+05 1.588451413060255953e-22
3.981071705534969224e+05 1.545483392245456350e-22
4.027170343254595064e+05 1.505753218187882780e-22
4.073802778041130514e+05 1.468980130891188218e-22
4.120975190973303979e+05 1.434894459292327659e-22
4.168693834703355096e+05 1.403245998800756387e-22
4.216965034285822767e+05 1.373802428724832900e-22
4.265795188015925814e+05 1.346347875873554423e-22
4.315190768277650350e+05 1.320681621334018751e-22
4.365158322401665500e+05 1.296616936330426452e-22
4.415704473533120472e+05 1.273980032211250778e-22
4.466835921509634936e+05 1.252609181771831999e-22
4.518559443749226048e+05 1.232345013268413671e-22
4.570881896148751839e+05 1.213004991983417226e-22
4.623810213992603240e+05 1.194409436545981959e-22
4.677351412871981156e+05 1.176389771118800707e-22
4.731512589614802855e+05 1.158788095533266957e-22
4.786300923226380255e+05 1.141456898870601004e-22
4.841723675840998767e+05 1.124258899195923473e-22
4.897788193684456637e+05 1.107066993167994325e-22
4.954501908047905308e+05 1.089764297723180114e-22
5.011872336272724788e+05 1.072244301319014635e-22
5.069907082747044624e+05 1.054407261795846090e-22
5.128613839913647971e+05 1.036150024652391033e-22
5.188000389289609739e+05 1.017377734961817187e-22
5.248074602497722954e+05 9.980080650105485222e-23
5.308844442309879232e+05 9.779716938346359416e-23
5.370317963702533161e+05 9.572127679198392088e-23
5.432503314924335573e+05 9.356893195138462033e-23
5.495408738576248288e+05 9.133736186889392412e-23
5.559042572704036720e+05 8.902524338996814529e-23
5.623413251903491328e+05 8.663272029085226147e-23
5.688529308438412845e+05 8.416318210690734527e-23
5.754399373371566180e+05 8.162819904476689749e-23
5.821032177708721720e+05 7.904129427977842348e-23
5.888436553555884166e+05 7.641587583237401355e-23
5.956621435290109366e+05 7.376507179827174506e-23
6.025595860743580852e+05 7.110158572284572306e-23
6.095368972401693463e+05 6.843757278194072178e-23
6.165950018614821602e+05 6.578453593936834961e-23
6.237348354824191192e+05 6.315324188870542428e-23
6.309573444801929872e+05 6.055365628448818539e-23
6.382634861905482830e+05 5.799570000650863333e-23
6.456542290346563095e+05 5.549131064750376644e-23
6.531305526474716607e+05 5.305147363056012544e-23
6.606934480075964238e+05 5.068539140431485515e-23
6.683439175686149392e+05 4.840056652263958526e-23
6.760829753919818904e+05 4.620290655450934013e-23
6.839116472814292647e+05 4.409684475643798582e-23
6.918309709189363057e+05 4.208547056051221710e-23
6.998419960022730520e+05 4.017066627684289794e-23
7.079457843841373688e+05 3.835324495413319632e-23
7.161434102129027015e+05 3.663278569824924347e-23
7.244359600749906385e+05 3.500700751471635262e-23
7.328245331389044877e+05 3.347301579474869487e-23
7.413102413009176962e+05 3.202770305420874604e-23
7.498942093324558809e+05 3.066780528086097922e-23
7.585775750291835284e+05 2.938994974426648615e-23
7.673614893618185306e+05 2.819069661644939066e-23
7.762471166286927182e+05 2.706657644704064587e-23
7.852356346100709634e+05 2.601412226557025354e-23
7.943282347242821706e+05 2.502989724517195196e-23
8.035261221856176853e+05 2.411037098388252065e-23
8.128305161640995648e+05 2.325156693598800730e-23
8.222426499470712151e+05 2.244962431171418527e-23
8.317637711026708130e+05 2.170094502495463145e-23
8.413951416451947298e+05 2.100217582516497627e-23
8.511380382023758721e+05 2.035019125439131963e-23
8.609937521846016170e+05 1.974207787694860490e-23
8.709635899560796097e+05 1.917511989841330639e-23
8.810488730080146343e+05 1.864678562475773693e-23
8.912509381337459199e+05 1.815471492694211704e-23
9.015711376059569884e+05 1.769665779898455613e-23
9.120108393559096148e+05 1.727033110725216013e-23
9.225714271547629032e+05 1.687358296671920528e-23
9.332543007969905157e+05 1.650443027554596039e-23
9.440608762859225972e+05 1.616104345852136067e-23
9.549925860214368440e+05 1.584173370669490732e-23
9.660508789898140822e+05 1.554494016711879712e-23
9.772372209558112081e+05 1.526921932159461246e-23
9.885530946569390362e+05 1.501323609455676413e-23
1.000000000000000000e+06 1.477575490908093068e-23
1.011579454259898281e+06 1.455562018703276417e-23
1.023292992280753679e+06 1.435171732203050305e-23
1.035142166679345188e+06 1.416300649548916255e-23
1.047128548050898477e+06 1.398852828108689963e-23
1.059253725177289685e+06 1.382739740169318643e-23
1.071519305237607099e+06 1.367879704427306312e-23
1.083926914021203993e+06 1.354197380213969552e-23
1.096478196143185021e+06 1.341623312344668158e-23
1.109174815262400778e+06 1.330093517504353780e-23
1.122018454301962862e+06 1.319549117988978932e-23
1.135010815672314260e+06 1.309936402927820044e-23
1.148153621496884152e+06 1.301207751780636886e-23
1.161448613840341335e+06 1.293320247074273866e-23
1.174897554939530324e+06 1.286234934412692211e-23
1.188502227437018882e+06 1.279916465574446185e-23
1.202264434617413208e+06 1.274332765688981782e-23
1.216186000646367902e+06 1.269454713366325973e-23
1.230268770812381059e+06 1.265255842200079592e-23
1.244514611771386815e+06 1.261712048450596305e-23
1.258925411794166081e+06 1.258801332325369118e-23
1.273503081016662996e+06 1.256503875095010512e-23
1.288249551693132380e+06 1.254802748694638307e-23
1.303166778452300001e+06 1.253682569549316143e-23
1.318256738556407392e+06 1.253128890414447468e-23
1.333521432163323974e+06 1.253127983651913189e-23
1.348962882591653382e+06 1.253666627746087736e-23
1.364583136588923866e+06 1.254731899844600328e-23
1.380384264602886746e+06 1.256310993167310158e-23
1.396368361055936199e+06 1.258391044727355148e-23
1.412537544622755377e+06 1.260958978396591747e-23
1.428893958511103643e+06 1.264001614001551129e-23
1.445439770745927934e+06 1.267504822268249294e-23
1.462177174456718378e+06 1.271454370112211651e-23
1.479108388168207137e+06 1.275835590244415962e-23
1.496235656094435835e+06 1.280633419001975779e-23
1.513561248436207185e+06 1.285832333089191277e-23
1.531087461682031862e+06 1.291416183789531027e-23
1.548816618912479607e+06 1.297368154621144003e-23
1.566751070108150132e+06 1.303670600946941517e-23
1.584893192461114144e+06 1.310305097078130511e-23
1.603245390690041706e+06 1.317252082827800988e-23
1.621810097358929925e+06 1.324490182431322188e-23
1.640589773199538700e+06 1.331997317024254314e-23
1.659586907437563175e+06 1.339751002407794680e-23
1.678804018122558948e+06 1.347728344470407348e-23
1.698243652461746009e+06 1.355906031753107308e-23
1.717908387157585938e+06 1.364260332007062000e-23
1.737800828749376349e+06 1.372767086943076822e-23
1.757923613958693109e+06 1.381401713941085411e-23
1.778279410038922913e+06 1.390139209515205770e-23
1.798870915128787514e+06 1.398953711613009704e-23
1.819700858609982533e+06 1.407817290966505174e-23
1.840772001468958333e+06 1.416701232246333164e-23
1.862087136662865523e+06 1.425576437440315159e-23
1.883649089489802020e+06 1.434413441153282064e-23
1.905460717963248258e+06 1.443182433049330237e-23
1.927524913190936670e+06 1.451853285805641089e-23
1.949844599758045515e+06 1.460395591441345003e-23
1.972422736114853527e+06 1.468778705784218908e-23
1.995262314968882827e+06 1.476971805553751659e-23
2.018366363681559684e+06 1.484943827628592758e-23
2.041737944669531658e+06 1.492663205911988812e-23
2.065380155810527038e+06 1.500098413939600007e-23
2.089296130854040850e+06 1.507218187560133804e-23
2.113489039836647455e+06 1.513991591840386492e-23
2.137962089502232615e+06 1.520388100102924873e-23
2.162718523727020249e+06 1.526377759178027497e-23
2.187761623949551955e+06 1.531931322676821935e-23
2.213094709605641197e+06 1.537020385805277396e-23
2.238721138568338007e+06 1.541617507272153332e-23
2.264644307593062054e+06 1.545698098481394620e-23
2.290867652767769992e+06 1.549245919466633905e-23
2.317394649968479760e+06 1.552248063563001832e-23
2.344228815319922753e+06 1.554692666198828019e-23
2.371373705661655404e+06 1.556569686392720405e-23
2.398832919019490015e+06 1.557870731649551073e-23
2.426610095082414337e+06 1.558589073438207120e-23
2.454708915685033426e+06 1.558719703478119320e-23
2.483133105295567773e+06 1.558259380940771700e-23
2.511886431509582326e+06 1.557206663368069999e-23
2.540972705549306702e+06 1.555564800753442635e-23
2.570395782768864650e+06 1.553350186802412693e-23
2.600159563165272120e+06 1.550583371311642204e-23
2.630267991895381361e+06 1.547286024008019230e-23
2.660725059798813891e+06 1.543480808796236757e-23
2.691534803926913999e+06 1.539191239890968034e-23
2.722701308077915572e+06 1.534441560217979521e-23
2.754228703338163439e+06 1.529256616039213921e-23
2.786121168629772030e+06 1.523661733980032053e-23
2.818382931264454965e+06 1.517682600154303083e-23
2.851018267503909767e+06 1.511345964953162073e-23
2.884031503126605880e+06 1.504681952322358705e-23
2.917427014001165982e+06 1.497721384528379203e-23
2.951209226666389965e+06 1.490494797177119404e-23
2.985382618917956948e+06 1.483032276383554751e-23
3.019951720402019098e+06 1.475363321670758189e-23
3.054921113215509336e+06 1.467516767221154396e-23
3.090295432513591833e+06 1.459520676793917292e-23
3.126079367123955861e+06 1.451402254439040893e-23
3.162277660168379545e+06 1.443187745700350499e-23
3.198895109691397287e+06 1.434901497973158031e-23
3.235936569296280853e+06 1.426563397751538487e-23
3.273406948788386304e+06 1.418191480440502218e-23
3.311311214825907722e+06 1.409802781779050203e-23
3.349654391578279436e+06 1.401413332844764452e-23
3.388441561392027419e+06 1.393038144479341288e-23
3.427677865464504808e+06 1.384691203813857961e-23
3.467368504525316879e+06 1.376385475132398061e-23
3.507518739525679499e+06 1.368132893157296007e-23
3.548133892335760407e+06 1.359944375328831223e-23
3.589219346450049896e+06 1.351829120248159339e-23
3.630780547701017465e+06 1.343792593049802099e-23
3.672823004980842583e+06 1.335838940569045646e-23
3.715352290971728042e+06 1.327971722951632063e-23
3.758374042884443421e+06 1.320193867309353281e-23
3.801893963205612730e+06 1.312507540453240890e-23
3.845917820453535300e+06 1.304914458501647522e-23
3.890451449942804873e+06 1.297415808196084657e-23
3.935500754557780456e+06 1.290012287632577957e-23
3.981071705534969456e+06 1.282704148410308933e-23
4.027170343254595064e+06 1.275490615999568523e-23
4.073802778041122016e+06 1.268368254403471612e-23
4.120975190973304212e+06 1.261333181918347504e-23
4.168693834703355096e+06 1.254381742862966061e-23
4.216965034285822883e+06 1.247510513513500240e-23
4.265795188015925698e+06 1.240716311299018435e-23
4.315190768277649768e+06 1.233996195246016040e-23
4.365158322401665151e+06 1.227347466899715308e-23
4.415704473533120938e+06 1.220767669735196469e-23
4.466835921509634703e+06 1.214254605641896469e-23
4.518559443749226630e+06 1.207806626283904678e-23
4.570881896148751490e+06 1.201423488915847165e-23
4.623810213992603123e+06 1.195105455996829315e-23
4.677351412871981040e+06 1.188852997120783060e-23
4.731512589614812285e+06 1.182666763469763779e-23
4.786300923226380721e+06 1.176547566632684668e-23
4.841723675840999000e+06 1.170496407786278107e-23
4.897788193684455939e+06 1.164514475775055085e-23
4.954501908047905192e+06 1.158603139562484866e-23
5.011872336272724904e+06 1.152763940833027174e-23
5.069907082747044042e+06 1.146998695186596399e-23
5.128613839913648553e+06 1.141309818889838209e-23
5.188000389289609157e+06 1.135700031823302321e-23
5.248074602497734129e+06 1.130172223788992283e-23
5.308844442309878767e+06 1.124729426364485664e-23
5.370317963702532463e+06 1.119374785748012446e-23
5.432503314924324863e+06 1.114111534911318281e-23
5.495408738576248288e+06 1.108942965401433612e-23
5.559042572704036720e+06 1.103872402456974499e-23
5.623413251903491095e+06 1.098903181850155268e-23
5.688529308438412845e+06 1.094038530238006330e-23
5.754399373371566646e+06 1.089281252189618158e-23
5.821032177708721720e+06 1.084634009093713726e-23
5.888436553555883467e+06 1.080099403759130630e-23
5.956621435290109366e+06 1.075679968054238500e-23
6.025595860743581317e+06 1.071378152193991594e-23
6.095368972401693463e+06 1.067196315697605279e-23
6.165950018614822067e+06 1.063136719664703263e-23
6.237348354824191891e+06 1.059201518389953187e-23
6.309573444801942445e+06 1.055392753436110231e-23
6.382634861905482598e+06 1.051712150929594535e-23
6.456542290346562862e+06 1.048160551271968300e-23
6.531305526474716142e+06 1.044738547616145608e-23
6.606934480075964704e+06 1.041446686221916621e-23
6.683439175686148927e+06 1.038285462707685773e-23
6.760829753919818439e+06 1.035255318439850797e-23
6.839116472814292647e+06 1.032356638135814284e-23
6.918309709189362824e+06 1.029589748375107834e-23
6.998419960022745654e+06 1.026954925870690456e-23
7.079457843841372989e+06 1.024452368934992680e-23
7.161434102129027247e+06 1.022082049254975140e-23
7.244359600749891251e+06 1.019843188556302477e-23
7.328245331389044411e+06 1.017734819799062432e-23
7.413102413009176962e+06 1.015755967854311938e-23
7.498942093324557878e+06 1.013905653797621958e-23
7.585775750291835517e+06 1.012182895722030713e-23
7.673614893618186004e+06 1.010586708555033761e-23
7.762471166286927648e+06 1.009116103648594050e-23
7.852356346100710332e+06 1.007770090183031147e-23
7.943282347242821939e+06 1.006547675716192064e-23
8.035261221856176853e+06 1.005447704750924371e-23
8.128305161640995182e+06 1.004468395555344085e-23
8.222426499470711686e+06 1.003607863452751814e-23
8.317637711026708595e+06 1.002864285011874686e-23
8.413951416451964527e+06 1.002235896292348025e-23
8.511380382023759186e+06 1.001720990032421223e-23
8.609937521846016869e+06 1.001317912868654263e-23
8.709635899560796097e+06 1.001025064059493802e-23
8.810488730080146343e+06 1.000840893683484248e-23
8.912509381337458268e+06 1.000763904856589534e-23
9.015711376059569418e+06 1.000792665762197299e-23
9.120108393559096381e+06 1.000925747387270224e-23
9.225714271547628567e+06 1.001161746011168677e-23
9.332543007969923317e+06 1.001499294983097737e-23
9.440608762859225273e+06 1.001937063236657760e-23
9.549925860214369372e+06 1.002473753948737418e-23
9.660508789898121729e+06 1.003108103567334031e-23
9.772372209558112547e+06 1.003838881056721915e-23
9.885530946569390595e+06 1.004664886181888319e-23
1.000000000000000000e+07 1.005584948466352772e-23
1.011579454259898327e+07 1.006597845158240810e-23
1.023292992280753702e+07 1.007702067990830903e-23
1.035142166679345258e+07 1.008896084471288148e-23
1.047128548050898500e+07 1.010178419759128036e-23
1.059253725177289732e+07 1.011547654746682516e-23
1.071519305237607099e+07 1.013002425058033431e-23
1.083926914021203853e+07 1.014541423388659465e-23
1.096478196143185161e+07 1.016163400188704282e-23
1.109174815262400918e+07 1.017867155137935464e-23
1.122018454301965237e+07 1.019651534661701607e-23
1.135010815672314353e+07 1.021515435677648939e-23
1.148153621496884152e+07 1.023457817010022437e-23
1.161448613840341382e+07 1.025477676817666667e-23
1.174897554939530231e+07 1.027574045289412933e-23
1.188502227437018976e+07 1.029745983344476970e-23
1.202264434617413022e+07 1.031992581404362246e-23
1.216186000646367855e+07 1.034312958485678224e-23
1.230268770812381059e+07 1.036706260771659055e-23
1.244514611771386862e+07 1.039171661288342949e-23
1.258925411794166267e+07 1.041708359091556494e-23
1.273503081016662903e+07 1.044315563628884106e-23
1.288249551693132333e+07 1.046992452833239908e-23
1.303166778452300094e+07 1.049738222480087888e-23
1.318256738556407392e+07 1.052552100828418142e-23
1.333521432163324021e+07 1.055433347614831397e-23
1.348962882591653243e+07 1.058381252608884809e-23
1.364583136588923819e+07 1.061395131146931366e-23
1.380384264602886699e+07 1.064474321176181237e-23
1.396368361055936292e+07 1.067618188038350763e-23
1.412537544622755423e+07 1.070826124306075221e-23
1.428893958511103690e+07 1.074097538224651240e-23
1.445439770745928027e+07 1.077431819609362436e-23
1.462177174456718378e+07 1.080828369309350230e-23
1.479108388168207183e+07 1.084286608794119548e-23
1.496235656094435789e+07 1.087805979878234955e-23
1.513561248436207138e+07 1.091385944092391069e-23
1.531087461682031862e+07 1.095025982306960051e-23
1.548816618912479654e+07 1.098725594395765396e-23
1.566751070108150132e+07 1.102484298295207587e-23
1.584893192461114191e+07 1.106301629423062955e-23
1.603245390690041706e+07 1.110177148736770311e-23
1.621810097358929925e+07 1.114110468533189484e-23
1.640589773199538700e+07 1.118101227291632190e-23
1.659586907437563129e+07 1.122149080785415721e-23
1.678804018122559041e+07 1.126253701691664200e-23
1.698243652461745963e+07 1.130414780981732825e-23
1.717908387157585844e+07 1.134632029799941270e-23
1.737800828749376163e+07 1.138905178577719084e-23
1.757923613958692923e+07 1.143233972996352569e-23
1.778279410038922727e+07 1.147618173334122559e-23
1.798870915128787234e+07 1.152057543316047697e-23
1.819700858609982580e+07 1.156551817786921835e-23
1.840772001468958333e+07 1.161100734902457371e-23
1.862087136662865803e+07 1.165704046523785210e-23
1.883649089489801973e+07 1.170361517856406529e-23
1.905460717963248119e+07 1.175072927116510334e-23
1.927524913190936670e+07 1.179838064953780753e-23
1.949844599758045375e+07 1.184656733985138676e-23
1.972422736114853248e+07 1.189528748730768117e-23
1.995262314968882874e+07 1.194090721735821525e-23
2.018366363681559637e+07 1.199071749069888346e-23
2.041737944669531658e+07 1.204105603898803958e-23
2.065380155810527131e+07 1.209192143933934399e-23
2.089296130854040757e+07 1.214331236842548599e-23
2.113489039836647734e+07 1.219522758525573684e-23
2.137962089502232522e+07 1.224766589734398663e-23
2.162718523727020249e+07 1.230062617430955923e-23
2.187761623949551955e+07 1.235410734824420159e-23
2.213094709605640918e+07 1.240810844202036810e-23
2.238721138568337634e+07 1.246262857083540877e-23
2.264644307593061775e+07 1.251766698638545672e-23
2.290867652767769992e+07 1.257322321239243891e-23
2.317394649968479574e+07 1.262929690052757455e-23
2.344228815319922566e+07 1.268588778172190092e-23
2.371373705661655217e+07 1.274299566431734565e-23
2.398832919019489735e+07 1.280062043228485806e-23
2.426610095082414150e+07 1.285876204422124813e-23
2.454708915685033426e+07 1.291742053158135906e-23
2.483133105295567960e+07 1.297659599681676899e-23
2.511886431509582326e+07 1.303628861189634757e-23
2.540972705549306422e+07 1.309649863299569327e-23
2.570395782768864557e+07 1.315722644397888251e-23
2.600159563165272027e+07 1.321847250092755246e-23
2.630267991895381361e+07 1.328023731425149622e-23
2.660725059798813984e+07 1.334252144824944234e-23
2.691534803926913813e+07 1.340532552781391589e-23
2.722701308077915385e+07 1.346865024733063581e-23
2.754228703338163346e+07 1.353249637266046747e-23
2.786121168629772216e+07 1.359686472132412908e-23
2.818382931264454871e+07 1.366175615938180668e-23
2.851018267503909767e+07 1.372717149598684398e-23
2.884031503126605600e+07 1.379311117800180802e-23
2.917427014001166075e+07 1.385957561984861926e-23
2.951209226666390151e+07 1.392656530884448871e-23
2.985382618917957321e+07 1.399408080334860410e-23
3.019951720402019098e+07 1.406212273100545651e-23
3.054921113215509057e+07 1.413069178757147356e-23
3.090295432513592020e+07 1.419978873578608355e-23
3.126079367123955861e+07 1.426941440291110890e-23
3.162277660168379173e+07 1.433956967909938281e-23
3.198895109691397101e+07 1.441025559111517803e-23
3.235936569296281040e+07 1.448147351738343688e-23
3.273406948788386211e+07 1.455322494573883497e-23
3.311311214825907722e+07 1.462551139570764595e-23
3.349654391578279436e+07 1.469833441805023034e-23
3.388441561392027140e+07 1.477169558487703229e-23
3.427677865464504808e+07 1.484559647894017285e-23
3.467368504525316507e+07 1.492003869948386184e-23
3.507518739525679499e+07 1.499502387601284561e-23
3.548133892335760593e+07 1.507055366968686370e-23
3.589219346450050175e+07 1.514662976484405324e-23
3.630780547701017559e+07 1.522325384953033385e-23
3.672823004980842769e+07 1.530042764972041387e-23
3.715352290971727669e+07 1.537815293830342787e-23
3.758374042884442955e+07 1.545643153447768343e-23
3.801893963205612451e+07 1.553526530301950952e-23
3.845917820453535020e+07 1.561465615263148122e-23
3.890451449942804873e+07 1.569460603468114664e-23
3.935500754557780176e+07 1.577511694404693613e-23
3.981071705534969270e+07 1.585619091872933815e-23
4.027170343254595250e+07 1.593783002690898859e-23
4.073802778041122109e+07 1.602003632216783565e-23
4.120975190973304212e+07 1.610281186805682778e-23
4.168693834703355283e+07 1.618615874872952668e-23
4.216965034285822511e+07 1.627007906917964236e-23
4.265795188015925884e+07 1.635457496282790882e-23
4.315190768277650326e+07 1.643964859603662589e-23
4.365158322401665151e+07 1.652530215793687829e-23
4.415704473533120751e+07 1.661153785797269862e-23
4.466835921509634703e+07 1.669835792588109579e-23
4.518559443749225885e+07 1.678576466026650551e-23
4.570881896148751676e+07 1.687376058298377077e-23
4.623810213992603123e+07 1.696234830889620067e-23
4.677351412871981412e+07 1.705153049907319236e-23
4.731512589614812285e+07 1.714130986029210352e-23
4.786300923226380348e+07 1.723168914469624229e-23
4.841723675840999186e+07 1.732267115017662963e-23
4.897788193684456497e+07 1.741425872014598115e-23
4.954501908047905564e+07 1.750645474210140960e-23
5.011872336272724718e+07 1.759926214717574451e-23
5.069907082747044414e+07 1.769268379399098504e-23
5.128613839913648367e+07 1.778672211289938094e-23
5.188000389289609343e+07 1.788137943943507756e-23
5.248074602497733384e+07 1.797665812804148977e-23
5.308844442309879512e+07 1.807256055167690898e-23
5.370317963702532649e+07 1.816908909724497156e-23
5.432503314924325049e+07 1.826624616688266274e-23
5.495408738576248288e+07 1.836403418572689886e-23
5.559042572704037279e+07 1.846245559797052637e-23
5.623413251903490722e+07 1.856151286615816837e-23
5.688529308438412845e+07 1.866120860588060922e-23
5.754399373371566832e+07 1.876154599473184473e-23
5.821032177708721906e+07 1.886252837611806220e-23
5.888436553555884212e+07 1.896415912565348283e-23
5.956621435290109366e+07 1.906644165116593941e-23
6.025595860743580759e+07 1.916937939249245786e-23
6.095368972401693463e+07 1.927297582109575217e-23
6.165950018614821881e+07 1.937723444053956792e-23
6.237348354824191332e+07 1.948215878682260785e-23
6.309573444801943004e+07 1.958775242846275900e-23
6.382634861905482411e+07 1.969401887827277689e-23
6.456542290346562862e+07 1.980096132644316956e-23
6.531305526474715769e+07 1.990858290177837853e-23
6.606934480075964332e+07 2.001688675940687466e-23
6.683439175686148554e+07 2.012587608090673322e-23
6.760829753919818997e+07 2.023555407447019139e-23
6.839116472814293206e+07 2.034592396976957378e-23
6.918309709189362824e+07 2.045698901498711211e-23
6.998419960022746027e+07 2.056875248381483774e-23
7.079457843841373920e+07 2.068121767629026410e-23
7.161434102129027247e+07 2.079438796270821539e-23
7.244359600749890506e+07 2.090826691601450718e-23
7.328245331389044225e+07 2.102285818088733193e-23
7.413102413009177148e+07 2.113816542998392226e-23
7.498942093324558437e+07 2.125419236408046117e-23
7.585775750291836262e+07 2.137094271231715797e-23
7.673614893618185818e+07 2.148842023201056586e-23
7.762471166286927462e+07 2.160662870819114546e-23
7.852356346100710332e+07 2.172557195425272830e-23
7.943282347242821753e+07 2.184525381212282249e-23
8.035261221856176853e+07 2.196567810676241494e-23
8.128305161640995741e+07 2.208684850803372418e-23
8.222426499470712245e+07 2.220876866504910722e-23
8.317637711026708782e+07 2.233144225142450046e-23
8.413951416451965272e+07 2.245487296522833568e-23
8.511380382023759186e+07 2.257906453012393244e-23
8.609937521846015751e+07 2.270402069927960670e-23
8.709635899560795724e+07 2.282974525578354090e-23
8.810488730080147088e+07 2.295624200753505622e-23
8.912509381337459385e+07 2.308351478667523830e-23
9.015711376059570909e+07 2.321156753069473093e-23
9.120108393559096754e+07 2.334040452989911242e-23
9.225714271547628939e+07 2.347003019157849472e-23
9.332543007969924808e+07 2.360044896005795316e-23
9.440608762859226763e+07 2.373166531669283329e-23
9.549925860214368999e+07 2.386368377990875004e-23
9.660508789898121357e+07 2.399650890587517826e-23
9.772372209558111429e+07 2.413014528892607404e-23
9.885530946569390595e+07 2.426459756104663033e-23
1.000000000000000000e+08 2.424922668619403403e-23
1.011579454259896278e+08 2.438921899959683814e-23
1.023292992280753702e+08 2.453001949744472370e-23
1.035142166679345220e+08 2.467163284543735762e-23
1.047128548050898463e+08 2.481406373620979604e-23
1.059253725177289695e+08 2.495731688948810804e-23
1.071519305237609148e+08 2.510139705224548711e-23
1.083926914021203816e+08 2.524630899885972047e-23
1.096478196143182814e+08 2.539205753127145752e-23
1.109174815262400955e+08 2.553864747914327489e-23
1.122018454301965237e+08 2.568608370001957593e-23
1.135010815672314316e+08 2.583437107948768052e-23
1.148153621496884078e+08 2.598351453133987276e-23
1.161448613840346187e+08 2.613351899773589845e-23
1.174897554939530343e+08 2.628438944936692008e-23
1.188502227437016517e+08 2.643613088562031229e-23
1.202264434617413133e+08 2.658874833474521851e-23
1.216186000646370351e+08 2.674224685401908917e-23
1.230268770812381059e+08 2.689663152991534532e-23
1.244514611771381795e+08 2.705190747827205331e-23
1.258925411794166118e+08 2.720807984446133995e-23
1.273503081016662866e+08 2.736515380355976279e-23
1.288249551693132222e+08 2.752313456051993816e-23
1.303166778452299982e+08 2.768202735034316843e-23
1.318256738556410074e+08 2.784183743825256290e-23
1.333521432163324058e+08 2.800257011986771627e-23
1.348962882591650486e+08 2.816423072138027462e-23
1.364583136588923931e+08 2.832682459973032419e-23
1.380384264602886736e+08 2.849035714278377937e-23
1.396368361055936217e+08 2.865483376951105782e-23
1.412537544622755349e+08 2.882025993016680771e-23
1.428893958511106670e+08 2.898664110647015802e-23
1.445439770745927989e+08 2.915398281178655571e-23
1.462177174456715286e+08 2.932229059131055518e-23
1.479108388168207109e+08 2.949157002224950093e-23
1.496235656094435751e+08 2.966182671400814488e-23
1.513561248436207175e+08 2.983306630837472123e-23
1.531087461682031751e+08 3.000529447970803226e-23
1.548816618912485838e+08 3.017851693512512189e-23
1.566751070108150244e+08 3.035273941469058905e-23
1.584893192461110950e+08 3.052796769160690608e-23
1.603245390690041780e+08 3.070420757240561286e-23
1.621810097358933091e+08 3.088146489713958074e-23
1.640589773199538887e+08 3.105974553957670456e-23
1.659586907437556386e+08 3.123905540739460567e-23
1.678804018122558892e+08 3.141940044237631060e-23
1.698243652461746037e+08 3.160078662060702295e-23
1.717908387157585919e+08 3.178321995267223531e-23
1.737800828749376237e+08 3.196670648385714601e-23
1.757923613958696723e+08 3.215125229434655780e-23
1.778279410038922727e+08 3.233686349942656334e-23
1.798870915128783584e+08 3.252354624968732376e-23
1.819700858609982431e+08 3.271130673122674668e-23
1.840772001468958259e+08 3.290015116585533362e-23
1.862087136662865579e+08 3.309008581130249111e-23
1.883649089489802122e+08 3.328111696142409355e-23
1.905460717963252068e+08 3.347325094641064564e-23
1.927524913190936744e+08 3.366649413299723155e-23
1.949844599758041501e+08 3.386085292467463370e-23
1.972422736114853323e+08 3.405633376190140371e-23
1.995262314968882799e+08 3.425294312231711470e-23
2.018366363681559563e+08 3.445068752095717111e-23
2.041737944669531584e+08 3.464957351046888222e-23
2.065380155810535550e+08 3.484960768132821155e-23
2.089296130854040980e+08 3.505079666205834239e-23
2.113489039836643338e+08 3.525314711944948349e-23
2.137962089502232373e+08 3.545666575877963866e-23
2.162718523727024496e+08 3.566135932403668705e-23
2.187761623949551880e+08 3.586723459814193275e-23
2.213094709605631828e+08 3.607429840317508859e-23
2.238721138568346798e+08 3.628255760060022961e-23
2.264644307593061924e+08 3.649201909149265175e-23
2.290867652767769992e+08 3.670268981676842824e-23
2.317394649968479574e+08 3.691457675741392489e-23
2.344228815319927633e+08 3.712768693471701394e-23
2.371373705661655366e+08 3.734202741049990423e-23
2.398832919019485116e+08 3.755760528735331732e-23
2.426610095082414448e+08 3.777442770887165686e-23
2.454708915685033500e+08 3.799250185988961213e-23
2.483133105295567811e+08 3.821183496672036605e-23
2.511886431509582102e+08 3.843243429739530203e-23
2.540972705549311638e+08 3.865430716190436902e-23
2.570395782768864632e+08 3.887746091243853901e-23
2.600159563165266812e+08 3.910190294363362216e-23
2.630267991895381510e+08 3.932764069281510464e-23
2.660725059798814058e+08 3.955468164024448527e-23
2.691534803926913738e+08 3.978303330936727539e-23
2.722701308077915311e+08 4.001270326706253281e-23
2.754228703338174820e+08 4.024369912389318336e-23
2.786121168629772067e+08 4.047602853435837011e-23
2.818382931264449358e+08 4.070969919714733079e-23
2.851018267503909469e+08 4.094471885539430959e-23
2.884031503126611710e+08 4.118109529693499714e-23
2.917427014001165628e+08 4.141883635456473959e-23
2.951209226666377783e+08 4.165794990629828177e-23
2.985382618917969465e+08 4.189844387563072098e-23
3.019951720402019024e+08 4.214032623179947770e-23
3.054921113215509057e+08 4.238360499004941662e-23
3.090295432513592243e+08 4.262828821189779712e-23
3.126079367123962045e+08 4.287438400540137502e-23
3.162277660168379545e+08 4.312190052542523226e-23
3.198895109691390395e+08 4.337084597391314056e-23
3.235936569296280742e+08 4.362122860015927113e-23
3.273406948788385987e+08 4.387305670108125607e-23
3.311311214825907946e+08 4.412633862149538337e-23
3.349654391578279138e+08 4.438108275439334944e-23
3.388441561392034292e+08 4.463729754121986383e-23
3.427677865464504957e+08 4.489499147215261086e-23
3.467368504525309801e+08 4.515417308638379815e-23
3.507518739525679350e+08 4.541485097240292765e-23
3.548133892335760593e+08 4.567703376828120651e-23
3.589219346450049877e+08 4.594073016195796215e-23
3.630780547701017857e+08 4.620594889152884409e-23
3.672823004980857372e+08 4.647269874553477809e-23
3.715352290971727967e+08 4.674098856325350051e-23
3.758374042884435654e+08 4.701082723499263256e-23
3.801893963205612302e+08 4.728222370238411812e-23
3.845917820453543067e+08 4.755518695868030138e-23
3.890451449942804575e+08 4.782972604905214978e-23
3.935500754557764530e+08 4.810585007088915784e-23
3.981071705534985662e+08 4.838356817410072043e-23
4.027170343254594803e+08 4.866288956141864036e-23
4.073802778041121960e+08 4.894382348870328591e-23
4.120975190973303914e+08 4.922637926524956605e-23
4.168693834703363776e+08 4.951056625409536852e-23
4.216965034285822511e+08 4.979639387233193136e-23
4.265795188015916944e+08 5.008387159141622476e-23
4.315190768277649879e+08 5.037300893748448472e-23
4.365158322401665449e+08 5.066381549166775103e-23
4.415704473533120751e+08 5.095630089040952699e-23
4.466835921509634852e+08 5.125047482578543745e-23
4.518559443749235272e+08 5.154634704582374496e-23
4.570881896148751974e+08 5.184392735482869307e-23
4.623810213992593884e+08 5.214322561370560096e-23
4.677351412871981263e+08 5.244425174028742173e-23
4.731512589614812732e+08 5.274701570966316956e-23
4.786300923226380348e+08 5.305152755450866863e-23
4.841723675840998888e+08 5.335779736541934142e-23
4.897788193684476614e+08 5.366583529124394329e-23
4.954501908047905564e+08 5.397565153942113594e-23
5.011872336272714734e+08 5.428725637631802974e-23
5.069907082747044563e+08 5.460066012757007796e-23
5.128613839913658500e+08 5.491587317842308683e-23
5.188000389289609194e+08 5.523290597407752960e-23
5.248074602497712374e+08 5.555176902003489419e-23
5.308844442309901118e+08 5.587247288244573530e-23
5.370317963702532053e+08 5.619502818845893732e-23
5.432503314924324751e+08 5.651944562657530302e-23
5.495408738576247692e+08 5.684573594700088362e-23
5.559042572704048157e+08 5.717390996200315361e-23
5.623413251903491020e+08 5.750397854626944246e-23
5.688529308438401222e+08 5.783595263726758808e-23
5.754399373371566534e+08 5.816984323560814183e-23
5.821032177708721161e+08 5.850566140540859552e-23
5.888436553555884361e+08 5.884341827466032368e-23
5.956621435290108919e+08 5.918312503559761826e-23
6.025595860743592978e+08 5.952479294506793410e-23
6.095368972401694059e+08 5.986843332490516715e-23
6.165950018614809513e+08 6.021405756230514263e-23
6.237348354824191332e+08 6.056167711020267838e-23
6.309573444801943302e+08 6.091130348765086980e-23
6.382634861905483007e+08 6.126294828020299631e-23
6.456542290346562862e+08 6.161662314029689614e-23
6.531305526474742889e+08 6.197233978764024645e-23
6.606934480075964928e+08 6.233011000959935802e-23
6.683439175686135292e+08 6.268994566158998015e-23
6.760829753919818401e+08 6.305185866746992749e-23
6.839116472814307213e+08 6.341586101993399915e-23
6.918309709189362526e+08 6.378196478091147209e-23
6.998419960022716522e+08 6.415018208196626293e-23
7.079457843841402531e+08 6.452052512469861788e-23
7.161434102129026651e+08 6.489300618114865993e-23
7.244359600749890804e+08 6.526763759420454400e-23
7.328245331389044523e+08 6.564443177801056509e-23
7.413102413009191751e+08 6.602340121837839322e-23
7.498942093324558735e+08 6.640455847320104725e-23
7.585775750291820765e+08 6.678791617286938431e-23
7.673614893618185520e+08 6.717348702069022312e-23
7.762471166286927462e+08 6.756128379330718276e-23
7.852356346100710630e+08 6.795131934112417796e-23
7.943282347242821455e+08 6.834360658873178271e-23
8.035261221856193542e+08 6.873815853533460472e-23
8.128305161640994549e+08 6.913498825518249202e-23
8.222426499470695257e+08 6.953410889800400822e-23
8.317637711026709080e+08 6.993553368944197673e-23
8.413951416451964378e+08 7.033927593149137591e-23
8.511380382023758888e+08 7.074534900294044327e-23
8.609937521846016645e+08 7.115376635981444815e-23
8.709635899560831785e+08 7.156454153582068687e-23
8.810488730080146790e+08 7.197768814279740396e-23
8.912509381337441206e+08 7.239321987116515855e-23
9.015711376059570312e+08 7.281115049038015371e-23
9.120108393559114933e+08 7.323149384939022252e-23
9.225714271547628641e+08 7.365426387709408191e-23
9.332543007969886065e+08 7.407947458280310213e-23
9.440608762859264612e+08 7.450714005670552120e-23
9.549925860214369297e+08 7.493727447033212880e-23
9.660508789898121357e+08 7.536989207702781577e-23
9.772372209558111429e+08 7.580500721242278283e-23
9.885530946569410563e+08 7.624263429490738148e-23
1.000000000000000000e+09 7.668278782611029337e-23
1.011579454259896159e+09 7.712548239137926046e-23
1.023292992280753613e+09 7.757073266026422496e-23
1.035142166679345131e+09 7.801855338700298482e-23
1.047128548050898552e+09 7.846895941101055201e-23
1.059253725177289724e+09 7.892196565737122627e-23
1.071519305237609267e+09 7.937758713733231439e-23
1.083926914021203995e+09 7.983583894880201094e-23
1.096478196143182755e+09 8.029673627684998250e-23
1.109174815262400866e+09 8.076029439421027939e-23
1.122018454301965237e+09 8.122652866178704512e-23
1.135010815672314405e+09 8.169545452916395213e-23
1.148153621496884108e+09 8.216708753511652925e-23
1.161448613840346098e+09 8.264144330812617008e-23
1.174897554939530373e+09 8.311853756689846728e-23
1.188502227437016487e+09 8.359838612088442672e-23
1.202264434617413044e+09 8.408100487080399743e-23
1.216186000646370411e+09 8.456640980917270479e-23
1.230268770812381029e+09 8.505461702083175151e-23
1.244514611771381855e+09 8.554564268348164498e-23
1.258925411794171333e+09 8.603950306821782310e-23
1.273503081016662836e+09 8.653621454006879554e-23
1.288249551693132162e+09 8.703579355854044465e-23
1.303166778452300072e+09 8.753825667816026764e-23
1.318256738556410074e+09 8.804362054902569760e-23
1.333521432163324118e+09 8.855190191735626850e-23
1.348962882591650486e+09 8.906311762604880120e-23
1.364583136588923931e+09 8.957728461523528123e-23
1.380384264602886677e+09 9.009441992284375779e-23
1.396368361055936337e+09 9.061454068516329798e-23
1.412537544622755527e+09 9.113766413741239717e-23
1.428893958511106491e+09 9.166380761430902317e-23
1.445439770745928049e+09 9.219298855064553883e-23
1.462177174456715345e+09 9.272522448186684538e-23
1.479108388168207169e+09 9.326053304465106486e-23
1.496235656094435930e+09 9.379893197749359633e-23
1.513561248436207056e+09 9.434043912129533316e-23
1.531087461682031870e+09 9.488507241995430113e-23
1.548816618912485838e+09 9.543284992095928306e-23
1.566751070108150244e+09 9.598378977598829828e-23
1.584893192461110830e+09 9.653791024151056149e-23
1.603245390690041780e+09 9.709522967939103953e-23
1.621810097358933210e+09 9.765576655749849934e-23
1.640589773199538708e+09 9.821953945031788176e-23
1.659586907437556267e+09 9.878656703956616647e-23
1.678804018122565746e+09 9.935686811481131686e-23
1.698243652461745977e+09 9.993046157409338768e-23
1.717908387157585859e+09 1.005073664245533088e-22
1.737800828749376297e+09 1.010876017830611397e-22
1.757923613958696604e+09 1.016711868768494732e-22
1.778279410038922787e+09 1.022581410441508941e-22
1.798870915128783703e+09 1.028484837348393052e-22
1.819700858609982491e+09 1.034422345110738753e-22
1.840772001468958139e+09 1.040394130479469712e-22
1.862087136662865639e+09 1.046400391341365222e-22
1.883649089489802122e+09 1.052441326725623571e-22
1.905460717963252068e+09 1.058517136810444343e-22
1.927524913190936565e+09 1.064628022929669369e-22
1.949844599758041382e+09 1.070774187579457188e-22
1.972422736114853382e+09 1.076955834424989594e-22
1.995262314968882799e+09 1.083173168307215563e-22
2.018366363681559563e+09 1.089426395249644319e-22
2.041737944669531584e+09 1.095715722465178011e-22
2.065380155810535431e+09 1.102041358362965552e-22
2.089296130854040861e+09 1.108403512555314995e-22
2.113489039836643219e+09 1.114802395864643525e-22
2.137962089502232552e+09 1.121238220330459899e-22
2.162718523727024555e+09 1.127711199216385433e-22
2.187761623949552059e+09 1.134221547017226250e-22
2.213094709605631828e+09 1.140769479466084318e-22
2.238721138568346977e+09 1.147355213541505623e-22
2.264644307593061924e+09 1.153978967474652104e-22
2.290867652767769814e+09 1.160640960756562675e-22
2.317394649968479633e+09 1.167341414145409321e-22
2.344228815319927692e+09 1.174080549673810316e-22
2.371373705661655426e+09 1.180858590656191170e-22
2.398832919019484997e+09 1.187675761696191888e-22
2.426610095082414150e+09 1.194532288694102443e-22
2.454708915685033798e+09 1.201428398854345266e-22
2.483133105295567989e+09 1.208364320693007581e-22
2.511886431509582043e+09 1.215340284045421931e-22
2.540972705549311638e+09 1.222356520073767633e-22
2.570395782768864632e+09 1.229413261274737816e-22
2.600159563165266991e+09 1.236510741487247851e-22
2.630267991895381451e+09 1.243649195900180912e-22
2.660725059798813820e+09 1.250828861060174921e-22
2.691534803926913738e+09 1.258049974879466158e-22
2.722701308077915668e+09 1.265312776643781993e-22
2.754228703338174343e+09 1.272617507020251730e-22
2.786121168629772186e+09 1.279964408065393388e-22
2.818382931264449120e+09 1.287353723233135978e-22
2.851018267503909588e+09 1.294785697382884335e-22
2.884031503126611710e+09 1.302260576787626501e-22
2.917427014001165867e+09 1.309778609142099888e-22
2.951209226666378021e+09 1.317340043571004924e-22
2.985382618917969227e+09 1.324945130637256787e-22
3.019951720402019024e+09 1.332594122350270530e-22
3.054921113215509415e+09 1.340287272174343289e-22
3.090295432513592243e+09 1.348024835037034860e-22
3.126079367123961926e+09 1.355807067337612442e-22
3.162277660168379307e+09 1.363634226955552996e-22
3.198895109691390514e+09 1.371506573259092608e-22
3.235936569296280861e+09 1.379424367113816538e-22
3.273406948788386345e+09 1.387387870891298628e-22
3.311311214825907707e+09 1.395397348477800198e-22
3.349654391578279495e+09 1.403453065283022308e-22
3.388441561392034531e+09 1.411555288248885050e-22
3.427677865464504719e+09 1.419704285858380908e-22
3.467368504525309563e+09 1.427900328144477712e-22
3.507518739525679588e+09 1.436143686699059686e-22
3.548133892335760593e+09 1.444434634681923268e-22
3.589219346450049877e+09 1.452773446829833122e-22
3.630780547701017380e+09 1.461160399465635509e-22
3.672823004980857372e+09 1.469595770507397052e-22
3.715352290971727848e+09 1.478079839477622486e-22
3.758374042884435654e+09 1.486612887512524148e-22
3.801893963205612659e+09 1.495195197371331409e-22
3.845917820453543186e+09 1.503827053445653966e-22
3.890451449942804813e+09 1.512508741768912361e-22
3.935500754557764530e+09 1.521240550025822335e-22
3.981071705534985542e+09 1.530022767561924803e-22
4.027170343254594803e+09 1.538855685393152020e-22
4.073802778041121960e+09 1.547739596215508018e-22
4.120975190973304272e+09 1.556674794414746448e-22
4.168693834703363419e+09 1.565661576076122010e-22
4.216965034285822392e+09 1.574700238994208420e-22
4.265795188015916824e+09 1.583791082682772559e-22
4.315190768277649879e+09 1.592934408384692828e-22
4.365158322401665688e+09 1.602130519081935799e-22
4.415704473533121109e+09 1.611379719505601525e-22
4.466835921509634972e+09 1.620682316146032081e-22
4.518559443749235153e+09 1.630038617262947620e-22
4.570881896148752213e+09 1.639448932895671058e-22
4.623810213992593765e+09 1.648913574873408474e-22
4.677351412871981621e+09 1.658432856825575596e-22
4.731512589614812851e+09 1.668007094192183763e-22
4.786300923226380348e+09 1.677636604234299709e-22
4.841723675840998650e+09 1.687321706044567883e-22
4.897788193684476852e+09 1.697062720557765446e-22
4.954501908047904968e+09 1.706859970561444496e-22
5.011872336272714615e+09 1.716713780706639170e-22
5.069907082747044563e+09 1.726624477518612019e-22
5.128613839913659096e+09 1.736592389407672313e-22
5.188000389289609909e+09 1.746617846680059948e-22
5.248074602497712135e+09 1.756701181548902223e-22
5.308844442309901237e+09 1.766842728145217178e-22
5.370317963702532768e+09 1.777042822528960650e-22
5.432503314924324989e+09 1.787301802700204994e-22
5.495408738576248169e+09 1.797620008610315209e-22
5.559042572704048157e+09 1.807997782173209236e-22
5.623413251903491020e+09 1.818435467276696069e-22
5.688529308438401222e+09 1.828933409793877817e-22
5.754399373371566772e+09 1.839491957594603721e-22
5.821032177708722115e+09 1.850111460556989528e-22
5.888436553555884361e+09 1.860792270579020793e-22
5.956621435290109634e+09 1.871534741590222723e-22
6.025595860743593216e+09 1.882339229563366919e-22
6.095368972401693344e+09 1.893206092526277104e-22
6.165950018614809990e+09 1.904135690573703966e-22
6.237348354824191093e+09 1.915128385879246082e-22
6.309573444801942825e+09 1.926184542707345837e-22
6.382634861905482292e+09 1.937304527425367629e-22
6.456542290346562386e+09 1.948488708515748955e-22
6.531305526474742889e+09 1.959737456588187464e-22
6.606934480075963974e+09 1.971051144391935219e-22
6.683439175686135292e+09 1.982430146828155963e-22
6.760829753919818878e+09 1.993874840962341633e-22
6.839116472814306259e+09 2.005385606036800101e-22
6.918309709189362526e+09 2.016962823483227093e-22
6.998419960022716522e+09 2.028606876935357561e-22
7.079457843841402054e+09 2.040318152241670660e-22
7.161434102129027367e+09 2.052097037478149742e-22
7.244359600749891281e+09 2.063943922961189046e-22
7.328245331389044762e+09 2.075859201260500630e-22
7.413102413009192467e+09 2.087843267212117449e-22
7.498942093324558258e+09 2.099896517931485546e-22
7.585775750291820526e+09 2.112019352826632404e-22
7.673614893618185997e+09 2.124212173611393147e-22
7.762471166286927223e+09 2.136475384318712426e-22
7.852356346100709915e+09 2.148809391314045057e-22
7.943282347242821693e+09 2.161214603308830009e-22
8.035261221856193542e+09 2.173691431374010704e-22
8.128305161640995026e+09 2.186240288953668870e-22
8.222426499470695496e+09 2.198861591878734099e-22
8.317637711026708603e+09 2.211555758380754523e-22
8.413951416451964378e+09 2.224323209105745555e-22
8.511380382023758888e+09 2.237164367128138768e-22
8.609937521846015930e+09 2.250079657964815424e-22
8.709635899560832977e+09 2.263069509589178545e-22
8.810488730080146790e+09 2.276134352445346777e-22
8.912509381337440491e+09 2.289274619462431942e-22
9.015711376059570312e+09 2.302490746068870669e-22
9.120108393559114456e+09 2.315783170206847702e-22
9.225714271547628403e+09 2.329152332346814204e-22
9.332543007969886780e+09 2.342598675502095854e-22
9.440608762859264374e+09 2.356122645243564432e-22
9.549925860214368820e+09 2.369724689714375224e-22
9.660508789898120880e+09 2.383405259644868058e-22
9.772372209558111191e+09 2.397164808367474454e-22
9.885530946569410324e+09 2.411003791831731511e-22
1.000000000000000000e+10 2.424922668619403462e-22
1.011579454259896278e+10 2.438921899959683638e-22
1.023292992280753708e+10 2.453001949744472135e-22
1.035142166679345131e+10 2.467163284543735762e-22
1.047128548050898552e+10 2.481406373620979898e-22
1.059253725177289772e+10 2.495731688948810627e-22
1.071519305237609291e+10 2.510139705224549064e-22
1.083926914021203804e+10 2.524630899885971694e-22
1.096478196143182945e+10 2.539205753127146163e-22
1.109174815262400818e+10 2.553864747914327254e-22
1.122018454301965332e+10 2.568608370001957711e-22
1.135010815672314262e+10 2.583437107948768287e-22
1.148153621496884155e+10 2.598351453133986864e-22
1.161448613840346146e+10 2.613351899773589904e-22
1.174897554939530373e+10 2.628438944936692126e-22
1.188502227437016487e+10 2.643613088562031170e-22
1.202264434617413139e+10 2.658874833474521851e-22
1.216186000646370316e+10 2.674224685401908682e-22
1.230268770812381172e+10 2.689663152991535003e-22
1.244514611771381760e+10 2.705190747827205684e-22
1.258925411794171333e+10 2.720807984446139638e-22
1.273503081016662979e+10 2.736515380355976396e-22
1.288249551693132210e+10 2.752313456051994286e-22
1.303166778452300072e+10 2.768202735034316843e-22
1.318256738556410027e+10 2.784183743825256055e-22
1.333521432163323975e+10 2.800257011986771745e-22
1.348962882591650581e+10 2.816423072138027345e-22
1.364583136588923836e+10 2.832682459973032184e-22
1.380384264602886581e+10 2.849035714278377819e-22
1.396368361055936241e+10 2.865483376951106017e-22
1.412537544622755432e+10 2.882025993016680654e-22
1.428893958511106682e+10 2.898664110647016037e-22
1.445439770745928001e+10 2.915398281178655219e-22
1.462177174456715393e+10 2.932229059131055988e-22
1.479108388168207169e+10 2.949157002224949740e-22
1.496235656094435883e+10 2.966182671400814605e-22
1.513561248436207199e+10 2.983306630837472240e-22
1.531087461682031822e+10 3.000529447970803108e-22
1.548816618912485886e+10 3.017851693512512072e-22
1.566751070108150101e+10 3.035273941469059023e-22
1.584893192461110878e+10 3.052796769160690608e-22
1.603245390690041733e+10 3.070420757240560816e-22
1.621810097358933067e+10 3.088146489713958310e-22
1.640589773199538803e+10 3.105974553957670574e-22
1.659586907437556267e+10 3.123905540739459979e-22
1.678804018122565842e+10 3.141940044237637643e-22
1.698243652461746025e+10 3.160078662060702177e-22
1.717908387157585907e+10 3.178321995267223883e-22
1.737800828749376297e+10 3.196670648385714836e-22
1.757923613958696747e+10 3.215125229434655545e-22
1.778279410038922882e+10 3.233686349942656099e-22
1.798870915128783798e+10 3.252354624968732494e-22
1.819700858609982681e+10 3.271130673122674668e-22
1.840772001468958282e+10 3.290015116585533009e-22
1.862087136662865448e+10 3.309008581130248758e-22
1.883649089489802170e+10 3.328111696142409473e-22
1.905460717963252258e+10 3.347325094641064682e-22
1.927524913190936661e+10 3.366649413299722567e-22
1.949844599758041382e+10 3.386085292467463253e-22
1.972422736114853287e+10 3.405633376190140489e-22
1.995262314968882751e+10 3.425294312231711235e-22
2.018366363681559753e+10 3.445068752095717111e-22
2.041737944669531631e+10 3.464957351046888575e-22
2.065380155810535431e+10 3.484960768132821508e-22
2.089296130854040909e+10 3.505079666205834357e-22
2.113489039836643219e+10 3.525314711944947996e-22
2.137962089502232361e+10 3.545666575877963866e-22
2.162718523727024460e+10 3.566135932403668587e-22
2.187761623949551773e+10 3.586723459814192805e-22
2.213094709605632019e+10 3.607429840317509212e-22
2.238721138568346786e+10 3.628255760060023196e-22
2.264644307593061829e+10 3.649201909149265528e-22
2.290867652767770004e+10 3.670268981676843177e-22
2.317394649968479538e+10 3.691457675741392489e-22
2.344228815319927597e+10 3.712768693471701158e-22
2.371373705661655426e+10 3.734202741049990540e-22
2.398832919019485092e+10 3.755760528735331497e-22
2.426610095082414246e+10 3.777442770887165569e-22
2.454708915685033417e+10 3.799250185988961095e-22
2.483133105295567703e+10 3.821183496672037193e-22
2.511886431509582138e+10 3.843243429739530203e-22
2.540972705549311829e+10 3.865430716190436785e-22
2.570395782768864822e+10 3.887746091243854019e-22
2.600159563165266800e+10 3.910190294363361981e-22
2.630267991895381546e+10 3.932764069281510699e-22
2.660725059798814011e+10 3.955468164024448645e-22
2.691534803926913834e+10 3.978303330936727069e-22
2.722701308077915573e+10 4.001270326706253869e-22
2.754228703338174438e+10 4.024369912389317983e-22
2.786121168629772186e+10 4.047602853435836659e-22
2.818382931264449310e+10 4.070969919714732962e-22
2.851018267503909683e+10 4.094471885539430371e-22
2.884031503126611710e+10 4.118109529693499714e-22
2.917427014001165771e+10 4.141883635456473959e-22
2.951209226666378021e+10 4.165794990629828059e-22
2.985382618917969513e+10 4.189844387563072098e-22
3.019951720402019119e+10 4.214032623179948358e-22
3.054921113215509033e+10 4.238360499004942015e-22
3.090295432513592148e+10 4.262828821189779594e-22
3.126079367123962021e+10 4.287438400540137620e-22
3.162277660168379211e+10 4.312190052542522873e-22
3.198895109691390610e+10 4.337084597391314879e-22
3.235936569296281052e+10 4.362122860015927349e-22
3.273406948788386154e+10 4.387305670108125725e-22
3.311311214825907516e+10 4.412633862149538455e-22
3.349654391578279495e+10 4.438108275439335649e-22
3.388441561392034531e+10 4.463729754121986735e-22
3.427677865464504623e+10 4.489499147215260733e-22
3.467368504525309753e+10 4.515417308638379815e-22
3.507518739525679779e+10 4.541485097240292295e-22
3.548133892335760498e+10 4.567703376828120534e-22
3.589219346450049591e+10 4.594073016195795980e-22
3.630780547701017761e+10 4.620594889152884174e-22
3.672823004980857086e+10 4.647269874553477457e-22
3.715352290971727753e+10 4.674098856325349111e-22
3.758374042884435272e+10 4.701082723499263609e-22
3.801893963205612946e+10 4.728222370238411929e-22
3.845917820453543091e+10 4.755518695868031196e-22
3.890451449942804718e+10 4.782972604905215213e-22
3.935500754557764435e+10 4.810585007088915901e-22
3.981071705534985352e+10 4.838356817410071690e-22
4.027170343254595184e+10 4.866288956141864742e-22
4.073802778041121674e+10 4.894382348870328003e-22
4.120975190973303986e+10 4.922637926524956958e-22
4.168693834703363800e+10 4.951056625409536734e-22
4.216965034285822296e+10 4.979639387233193959e-22
4.265795188015916443e+10 5.008387159141621653e-22
4.315190768277650452e+10 5.037300893748448002e-22
4.365158322401665497e+10 5.066381549166775339e-22
4.415704473533120728e+10 5.095630089040953287e-22
4.466835921509635162e+10 5.125047482578544685e-22
4.518559443749235535e+10 5.154634704582374261e-22
4.570881896148751831e+10 5.184392735482869777e-22
4.623810213992594147e+10 5.214322561370559273e-22
4.677351412871981049e+10 5.244425174028742290e-22
4.731512589614812469e+10 5.274701570966316250e-22
4.786300923226380157e+10 5.305152755450866158e-22
4.841723675840998840e+10 5.335779736541934847e-22
4.897788193684476471e+10 5.366583529124394799e-22
4.954501908047905731e+10 5.397565153942114299e-22
5.011872336272714996e+10 5.428725637631802268e-22
5.069907082747044373e+10 5.460066012757007326e-22
5.128613839913658905e+10 5.491587317842308683e-22
5.188000389289609528e+10 5.523290597407752490e-22
5.248074602497711945e+10 5.555176902003489419e-22
5.308844442309900665e+10 5.587247288244573060e-22
5.370317963702532959e+10 5.619502818845893732e-22
5.432503314924324799e+10 5.651944562657529832e-22
5.495408738576248169e+10 5.684573594700088832e-22
5.559042572704048157e+10 5.717390996200315361e-22
5.623413251903490448e+10 5.750397854626943776e-22
5.688529308438401794e+10 5.783595263726760453e-22
5.754399373371566772e+10 5.816984323560814653e-22
5.821032177708721924e+10 5.850566140540859787e-22
5.888436553555883789e+10 5.884341827466032603e-22
5.956621435290109253e+10 5.918312503559762767e-22
6.025595860743593597e+10 5.952479294506793410e-22
6.095368972401693726e+10 5.986843332490516715e-22
6.165950018614809418e+10 6.021405756230514499e-22
6.237348354824191284e+10 6.056167711020267132e-22
6.309573444801942444e+10 6.091130348765085335e-22
6.382634861905482483e+10 6.126294828020299631e-22
6.456542290346562195e+10 6.161662314029689614e-22
6.531305526474742889e+10 6.197233978764025115e-22
6.606934480075964355e+10 6.233011000959935567e-22
6.683439175686135101e+10 6.268994566158997545e-22
6.760829753919818878e+10 6.305185866746993454e-22
6.839116472814306641e+10 6.341586101993399679e-22
6.918309709189363098e+10 6.378196478091148384e-22
6.998419960022717285e+10 6.415018208196625353e-22
7.079457843841401672e+10 6.452052512469861553e-22
7.161434102129026794e+10 6.489300618114865758e-22
7.244359600749891663e+10 6.526763759420454635e-22
7.328245331389044189e+10 6.564443177801056509e-22
7.413102413009191895e+10 6.602340121837838617e-22
7.498942093324559021e+10 6.640455847320105195e-22
7.585775750291819763e+10 6.678791617286938196e-22
7.673614893618185425e+10 6.717348702069022312e-22
7.762471166286927795e+10 6.756128379330717335e-22
7.852356346100709534e+10 6.795131934112418266e-22
7.943282347242822266e+10 6.834360658873178741e-22
8.035261221856193542e+10 6.873815853533461413e-22
8.128305161640995789e+10 6.913498825518249437e-22
8.222426499470695496e+10 6.953410889800401527e-22
8.317637711026708984e+10 6.993553368944196968e-22
8.413951416451965332e+10 7.033927593149137356e-22
8.511380382023759460e+10 7.074534900294045502e-22
8.609937521846015930e+10 7.115376635981444580e-22
8.709635899560832214e+10 7.156454153582068922e-22
8.810488730080146790e+10 7.197768814279740631e-22
8.912509381337440491e+10 7.239321987116516090e-22
9.015711376059570312e+10 7.281115049038014901e-22
9.120108393559115601e+10 7.323149384939022487e-22
9.225714271547628784e+10 7.365426387709407721e-22
9.332543007969885254e+10 7.407947458280310448e-22
9.440608762859265137e+10 7.450714005670552825e-22
9.549925860214369202e+10 7.493727447033212410e-22
9.660508789898121643e+10 7.536989207702782048e-22
9.772372209558111572e+10 7.580500721242278048e-22
9.885530946569410706e+10 7.624263429490739559e-22
1.000000000000000000e+11 7.668278782611028867e-22
